<shapes type=list>
	<ruler.pixel type=vector names=FALSE length=1 as.numeric=TRUE >248.072570027401</ruler.pixel>
	<ruler.interval type=vector names=FALSE length=1 as.numeric=TRUE >1</ruler.interval>
	<scaling.units type=vector names=FALSE length=1 as.numeric=FALSE >cm</scaling.units>
	<scaling type=vector names=FALSE length=1 as.numeric=TRUE >0.00403107848598312</scaling>
	<landmarks.pixel type=matrix rownames=TRUE colnames=FALSE nrow=5 ncol=2 as.numeric=TRUE >
		LM1	1141	1348
		LM2	1997	1074
		LM3	2664	1202
		LM4	2676	1475
		LM5	1426	1572
	</landmarks.pixel>
	<landmarks.scaled type=matrix rownames=TRUE colnames=FALSE nrow=5 ncol=2 as.numeric=TRUE >
		LM1	4.59946055250674	-5.43389379910525
		LM2	8.0500637365083	-4.32937829394587
		LM3	10.738793086659	-4.84535634015172
		LM4	10.7871660284908	-5.94584076682511
		LM5	5.74831792101193	-6.33685537996547
	</landmarks.scaled>
	<curves.control type=list>
		<Head type=matrix rownames=FALSE colnames=FALSE nrow=5 ncol=2 as.numeric=TRUE >
			1141	1348
			1305	1165
			1560	1147
			1760	1032
			1997	1074
		</Head>
	</curves.control>
	<curves.pixel type=list>
		<Head type=matrix rownames=FALSE colnames=FALSE nrow=882 ncol=2 as.numeric=TRUE >
			1141	1348
			1142	1347
			1142	1346
			1143	1346
			1144	1345
			1145	1344
			1145	1343
			1146	1343
			1147	1342
			1147	1341
			1148	1340
			1149	1339
			1150	1339
			1150	1338
			1151	1337
			1152	1336
			1153	1335
			1154	1334
			1155	1333
			1156	1332
			1157	1331
			1157	1330
			1158	1329
			1159	1328
			1160	1328
			1161	1327
			1162	1326
			1163	1325
			1164	1324
			1164	1323
			1165	1322
			1166	1321
			1167	1320
			1168	1320
			1169	1319
			1170	1318
			1171	1317
			1172	1316
			1172	1315
			1173	1314
			1174	1314
			1175	1313
			1176	1312
			1177	1311
			1178	1310
			1179	1309
			1180	1308
			1181	1307
			1182	1306
			1183	1305
			1184	1305
			1184	1304
			1185	1303
			1186	1303
			1186	1302
			1187	1302
			1188	1301
			1188	1300
			1189	1300
			1190	1299
			1191	1298
			1192	1297
			1193	1296
			1194	1295
			1195	1295
			1195	1294
			1196	1293
			1197	1293
			1198	1292
			1199	1291
			1199	1290
			1200	1290
			1201	1289
			1202	1288
			1203	1288
			1203	1287
			1204	1286
			1205	1286
			1206	1285
			1207	1284
			1208	1284
			1208	1283
			1209	1282
			1210	1282
			1211	1281
			1212	1280
			1213	1279
			1214	1278
			1215	1277
			1216	1277
			1217	1276
			1218	1275
			1219	1274
			1220	1273
			1221	1273
			1222	1272
			1223	1271
			1224	1270
			1225	1270
			1226	1269
			1227	1268
			1228	1267
			1229	1267
			1230	1266
			1231	1265
			1232	1264
			1233	1264
			1234	1263
			1235	1262
			1236	1261
			1237	1261
			1238	1260
			1239	1259
			1240	1258
			1241	1258
			1242	1257
			1243	1256
			1244	1255
			1245	1255
			1246	1254
			1247	1253
			1248	1253
			1249	1252
			1250	1251
			1251	1250
			1252	1250
			1253	1249
			1254	1248
			1255	1248
			1256	1247
			1257	1247
			1258	1246
			1259	1245
			1260	1245
			1261	1244
			1262	1244
			1262	1243
			1263	1243
			1264	1242
			1265	1242
			1265	1241
			1266	1241
			1267	1240
			1268	1240
			1268	1239
			1269	1239
			1270	1238
			1271	1238
			1271	1237
			1272	1237
			1273	1236
			1274	1236
			1275	1235
			1276	1234
			1277	1234
			1278	1233
			1279	1233
			1280	1232
			1281	1232
			1282	1231
			1283	1230
			1284	1230
			1285	1229
			1286	1228
			1287	1228
			1288	1227
			1289	1227
			1290	1226
			1291	1226
			1291	1225
			1292	1225
			1293	1224
			1294	1224
			1295	1223
			1296	1223
			1297	1222
			1298	1221
			1299	1221
			1300	1220
			1301	1220
			1302	1219
			1303	1219
			1304	1218
			1305	1218
			1306	1217
			1307	1217
			1308	1216
			1309	1216
			1310	1215
			1311	1215
			1312	1214
			1313	1214
			1314	1213
			1315	1213
			1316	1212
			1317	1212
			1318	1211
			1319	1211
			1320	1210
			1321	1210
			1322	1209
			1323	1209
			1324	1208
			1325	1208
			1326	1207
			1327	1207
			1328	1206
			1329	1206
			1330	1205
			1331	1205
			1332	1204
			1333	1204
			1334	1203
			1335	1203
			1336	1202
			1337	1202
			1338	1201
			1339	1201
			1340	1201
			1341	1200
			1342	1200
			1343	1199
			1344	1199
			1345	1198
			1346	1198
			1347	1197
			1348	1197
			1349	1196
			1350	1196
			1351	1196
			1352	1195
			1353	1195
			1354	1194
			1355	1194
			1356	1193
			1357	1193
			1358	1193
			1359	1192
			1360	1192
			1361	1191
			1362	1191
			1363	1191
			1364	1190
			1365	1190
			1366	1189
			1367	1189
			1368	1189
			1369	1188
			1370	1188
			1371	1188
			1372	1187
			1373	1187
			1374	1186
			1375	1186
			1376	1186
			1377	1185
			1378	1185
			1379	1184
			1380	1184
			1381	1184
			1382	1184
			1383	1183
			1384	1183
			1385	1182
			1386	1182
			1387	1182
			1388	1181
			1389	1181
			1390	1181
			1391	1180
			1392	1180
			1393	1180
			1394	1179
			1395	1179
			1396	1179
			1397	1178
			1398	1178
			1399	1178
			1400	1177
			1401	1177
			1402	1177
			1403	1176
			1404	1176
			1405	1176
			1406	1175
			1407	1175
			1408	1175
			1409	1175
			1409	1174
			1410	1174
			1411	1174
			1412	1174
			1413	1173
			1414	1173
			1415	1173
			1416	1172
			1417	1172
			1418	1172
			1419	1171
			1420	1171
			1421	1171
			1422	1171
			1423	1170
			1424	1170
			1425	1170
			1426	1169
			1427	1169
			1428	1169
			1429	1169
			1430	1168
			1431	1168
			1432	1168
			1433	1168
			1434	1167
			1435	1167
			1436	1167
			1437	1167
			1438	1166
			1439	1166
			1440	1166
			1441	1166
			1442	1165
			1443	1165
			1444	1165
			1445	1165
			1446	1164
			1447	1164
			1448	1164
			1449	1164
			1450	1163
			1451	1163
			1452	1163
			1453	1163
			1454	1163
			1455	1162
			1456	1162
			1457	1162
			1458	1162
			1459	1161
			1460	1161
			1461	1161
			1462	1161
			1463	1160
			1464	1160
			1465	1160
			1466	1160
			1467	1160
			1468	1159
			1469	1159
			1470	1159
			1471	1159
			1472	1159
			1473	1158
			1474	1158
			1475	1158
			1476	1158
			1477	1158
			1478	1157
			1479	1157
			1480	1157
			1481	1157
			1482	1157
			1483	1157
			1484	1156
			1485	1156
			1486	1156
			1487	1156
			1488	1156
			1489	1155
			1490	1155
			1491	1155
			1492	1155
			1493	1155
			1494	1155
			1495	1154
			1496	1154
			1497	1154
			1498	1154
			1499	1154
			1500	1154
			1501	1154
			1502	1153
			1503	1153
			1504	1153
			1505	1153
			1506	1153
			1507	1153
			1508	1152
			1509	1152
			1510	1152
			1511	1152
			1512	1152
			1513	1152
			1514	1152
			1515	1151
			1516	1151
			1517	1151
			1518	1151
			1519	1151
			1520	1151
			1521	1151
			1522	1151
			1523	1151
			1524	1150
			1525	1150
			1526	1150
			1527	1150
			1528	1150
			1529	1150
			1530	1150
			1531	1150
			1532	1149
			1533	1149
			1534	1149
			1535	1149
			1536	1149
			1537	1149
			1538	1149
			1539	1149
			1540	1149
			1541	1149
			1542	1148
			1543	1148
			1544	1148
			1545	1148
			1546	1148
			1547	1148
			1548	1148
			1549	1148
			1550	1148
			1551	1148
			1552	1148
			1553	1148
			1554	1147
			1555	1147
			1556	1147
			1557	1147
			1558	1147
			1559	1147
			1560	1147
			1561	1146
			1562	1146
			1563	1145
			1564	1145
			1565	1144
			1566	1143
			1567	1143
			1568	1142
			1569	1142
			1570	1141
			1571	1141
			1572	1140
			1573	1140
			1574	1139
			1575	1139
			1575	1138
			1576	1138
			1577	1137
			1578	1137
			1579	1136
			1580	1136
			1581	1135
			1582	1135
			1583	1134
			1584	1134
			1585	1133
			1586	1133
			1587	1132
			1588	1132
			1589	1131
			1590	1131
			1591	1130
			1592	1130
			1593	1129
			1594	1129
			1595	1128
			1596	1128
			1597	1127
			1598	1127
			1598	1126
			1599	1126
			1600	1126
			1601	1125
			1602	1125
			1603	1125
			1603	1124
			1604	1124
			1605	1123
			1606	1123
			1607	1123
			1607	1122
			1608	1122
			1609	1121
			1610	1121
			1611	1121
			1611	1120
			1612	1120
			1613	1120
			1614	1119
			1615	1119
			1616	1118
			1617	1118
			1618	1117
			1619	1117
			1620	1116
			1621	1116
			1622	1115
			1623	1115
			1624	1115
			1625	1114
			1626	1114
			1627	1113
			1628	1113
			1629	1112
			1630	1112
			1631	1112
			1632	1111
			1633	1111
			1634	1110
			1635	1110
			1636	1110
			1637	1109
			1638	1109
			1639	1108
			1640	1108
			1641	1108
			1642	1107
			1643	1107
			1644	1106
			1645	1106
			1646	1106
			1647	1105
			1648	1105
			1649	1104
			1650	1104
			1651	1104
			1652	1103
			1653	1103
			1654	1102
			1655	1102
			1656	1102
			1657	1101
			1658	1101
			1659	1101
			1660	1100
			1661	1100
			1662	1100
			1663	1099
			1664	1099
			1665	1098
			1666	1098
			1667	1098
			1668	1097
			1669	1097
			1670	1097
			1671	1096
			1672	1096
			1673	1096
			1674	1095
			1675	1095
			1676	1095
			1677	1094
			1678	1094
			1679	1094
			1680	1093
			1681	1093
			1682	1093
			1683	1092
			1684	1092
			1685	1092
			1686	1091
			1687	1091
			1688	1091
			1689	1090
			1690	1090
			1691	1090
			1692	1089
			1693	1089
			1694	1089
			1695	1089
			1696	1088
			1697	1088
			1698	1088
			1699	1087
			1700	1087
			1701	1087
			1702	1086
			1703	1086
			1704	1086
			1705	1086
			1706	1085
			1707	1085
			1708	1085
			1709	1084
			1710	1084
			1711	1084
			1712	1084
			1713	1083
			1714	1083
			1715	1083
			1716	1083
			1717	1082
			1718	1082
			1719	1082
			1720	1081
			1721	1081
			1722	1081
			1723	1081
			1724	1081
			1725	1080
			1726	1080
			1727	1080
			1728	1080
			1729	1079
			1730	1079
			1731	1079
			1732	1079
			1733	1079
			1734	1078
			1735	1078
			1736	1078
			1737	1077
			1738	1077
			1739	1077
			1740	1077
			1741	1077
			1742	1076
			1743	1076
			1744	1076
			1745	1076
			1746	1076
			1747	1075
			1748	1075
			1749	1075
			1750	1075
			1751	1075
			1752	1074
			1753	1074
			1754	1074
			1755	1074
			1756	1074
			1757	1073
			1758	1073
			1759	1073
			1760	1073
			1761	1073
			1762	1073
			1763	1072
			1764	1072
			1765	1072
			1766	1072
			1767	1072
			1768	1071
			1769	1071
			1770	1071
			1771	1071
			1772	1071
			1773	1071
			1774	1070
			1775	1070
			1776	1070
			1777	1070
			1778	1070
			1779	1070
			1780	1070
			1781	1069
			1782	1069
			1783	1069
			1784	1069
			1785	1069
			1786	1069
			1787	1069
			1788	1068
			1789	1068
			1790	1068
			1791	1068
			1792	1068
			1793	1068
			1794	1068
			1795	1068
			1796	1067
			1797	1067
			1798	1067
			1799	1067
			1800	1067
			1801	1067
			1802	1067
			1803	1067
			1804	1066
			1805	1066
			1806	1066
			1807	1066
			1808	1066
			1809	1066
			1810	1066
			1811	1066
			1812	1066
			1813	1066
			1814	1065
			1815	1065
			1816	1065
			1817	1065
			1818	1065
			1819	1065
			1820	1065
			1821	1065
			1822	1065
			1823	1065
			1824	1065
			1825	1065
			1826	1064
			1827	1064
			1828	1064
			1829	1064
			1830	1064
			1831	1064
			1832	1064
			1833	1064
			1834	1064
			1835	1064
			1836	1064
			1837	1064
			1838	1064
			1839	1064
			1840	1064
			1841	1064
			1842	1064
			1843	1063
			1844	1063
			1845	1063
			1846	1063
			1847	1063
			1848	1063
			1849	1063
			1850	1063
			1851	1063
			1852	1063
			1853	1063
			1854	1063
			1855	1063
			1856	1063
			1857	1063
			1858	1063
			1859	1063
			1860	1063
			1861	1063
			1862	1063
			1863	1063
			1864	1063
			1865	1063
			1866	1063
			1867	1063
			1868	1063
			1869	1063
			1870	1063
			1871	1063
			1872	1063
			1873	1063
			1874	1063
			1875	1063
			1876	1063
			1877	1063
			1878	1063
			1879	1063
			1880	1063
			1881	1063
			1882	1063
			1883	1063
			1884	1063
			1885	1063
			1886	1063
			1887	1063
			1888	1063
			1889	1063
			1890	1063
			1891	1063
			1892	1063
			1893	1063
			1894	1063
			1895	1063
			1896	1063
			1897	1063
			1898	1063
			1899	1063
			1900	1063
			1901	1063
			1902	1063
			1903	1063
			1904	1064
			1905	1064
			1906	1064
			1907	1064
			1908	1064
			1909	1064
			1910	1064
			1911	1064
			1912	1064
			1913	1064
			1914	1064
			1915	1064
			1916	1064
			1917	1064
			1918	1064
			1919	1064
			1920	1064
			1921	1065
			1922	1065
			1923	1065
			1924	1065
			1925	1065
			1926	1065
			1927	1065
			1928	1065
			1929	1065
			1930	1065
			1931	1065
			1932	1065
			1933	1065
			1934	1066
			1935	1066
			1936	1066
			1937	1066
			1938	1066
			1939	1066
			1940	1066
			1941	1066
			1942	1066
			1943	1066
			1944	1067
			1945	1067
			1946	1067
			1947	1067
			1948	1067
			1949	1067
			1950	1067
			1951	1067
			1952	1067
			1953	1068
			1954	1068
			1955	1068
			1956	1068
			1957	1068
			1958	1068
			1959	1068
			1960	1068
			1961	1068
			1962	1069
			1963	1069
			1964	1069
			1965	1069
			1966	1069
			1967	1069
			1968	1069
			1969	1070
			1970	1070
			1971	1070
			1972	1070
			1973	1070
			1974	1070
			1975	1070
			1976	1071
			1977	1071
			1978	1071
			1979	1071
			1980	1071
			1981	1071
			1982	1072
			1983	1072
			1984	1072
			1985	1072
			1986	1072
			1987	1072
			1988	1073
			1989	1073
			1990	1073
			1991	1073
			1992	1073
			1993	1073
			1994	1074
			1995	1074
			1996	1074
			1997	1074
		</Head>
	</curves.pixel>
	<curves.scaled type=list>
		<Head type=matrix rownames=FALSE colnames=FALSE nrow=882 ncol=2 as.numeric=TRUE >
			4.59946055250674	-5.43389379910525
			4.60349163099273	-5.42986272061927
			4.60349163099273	-5.42583164213328
			4.60752270947871	-5.42583164213328
			4.61155378796469	-5.4218005636473
			4.61558486645068	-5.41776948516132
			4.61558486645068	-5.41373840667534
			4.61961594493666	-5.41373840667534
			4.62364702342264	-5.40970732818935
			4.62364702342264	-5.40567624970337
			4.62767810190863	-5.40164517121739
			4.63170918039461	-5.3976140927314
			4.63574025888059	-5.3976140927314
			4.63574025888059	-5.39358301424542
			4.63977133736658	-5.38955193575944
			4.64380241585256	-5.38552085727345
			4.64783349433854	-5.38148977878747
			4.65186457282453	-5.37745870030149
			4.65589565131051	-5.3734276218155
			4.65992672979649	-5.36939654332952
			4.66395780828247	-5.36536546484354
			4.66395780828247	-5.36133438635756
			4.66798888676846	-5.35730330787157
			4.67201996525444	-5.35327222938559
			4.67605104374042	-5.35327222938559
			4.68008212222641	-5.34924115089961
			4.68411320071239	-5.34521007241362
			4.68814427919837	-5.34117899392764
			4.69217535768436	-5.33714791544166
			4.69217535768436	-5.33311683695567
			4.69620643617034	-5.32908575846969
			4.70023751465632	-5.32505467998371
			4.70426859314231	-5.32102360149772
			4.70829967162829	-5.32102360149772
			4.71233075011427	-5.31699252301174
			4.71636182860026	-5.31296144452576
			4.72039290708624	-5.30893036603977
			4.72442398557222	-5.30489928755379
			4.72442398557222	-5.30086820906781
			4.7284550640582	-5.29683713058182
			4.73248614254419	-5.29683713058182
			4.73651722103017	-5.29280605209584
			4.74054829951615	-5.28877497360986
			4.74457937800214	-5.28474389512388
			4.74861045648812	-5.28071281663789
			4.7526415349741	-5.27668173815191
			4.75667261346009	-5.27265065966593
			4.76070369194607	-5.26861958117994
			4.76473477043205	-5.26458850269396
			4.76876584891804	-5.26055742420798
			4.77279692740402	-5.26055742420798
			4.77279692740402	-5.25652634572199
			4.77682800589	-5.25249526723601
			4.78085908437598	-5.25249526723601
			4.78085908437598	-5.24846418875003
			4.78489016286197	-5.24846418875003
			4.78892124134795	-5.24443311026404
			4.78892124134795	-5.24040203177806
			4.79295231983393	-5.24040203177806
			4.79698339831992	-5.23637095329208
			4.8010144768059	-5.2323398748061
			4.80504555529188	-5.22830879632011
			4.80907663377787	-5.22427771783413
			4.81310771226385	-5.22024663934815
			4.81713879074983	-5.22024663934815
			4.81713879074983	-5.21621556086216
			4.82116986923582	-5.21218448237618
			4.8252009477218	-5.21218448237618
			4.82923202620778	-5.2081534038902
			4.83326310469377	-5.20412232540421
			4.83326310469377	-5.20009124691823
			4.83729418317975	-5.20009124691823
			4.84132526166573	-5.19606016843225
			4.84535634015172	-5.19202908994626
			4.8493874186377	-5.19202908994626
			4.8493874186377	-5.18799801146028
			4.85341849712368	-5.1839669329743
			4.85744957560966	-5.1839669329743
			4.86148065409565	-5.17993585448831
			4.86551173258163	-5.17590477600233
			4.86954281106761	-5.17590477600233
			4.86954281106761	-5.17187369751635
			4.8735738895536	-5.16784261903037
			4.87760496803958	-5.16784261903037
			4.88163604652556	-5.16381154054438
			4.88566712501155	-5.1597804620584
			4.88969820349753	-5.15574938357242
			4.89372928198351	-5.15171830508643
			4.8977603604695	-5.14768722660045
			4.90179143895548	-5.14768722660045
			4.90582251744146	-5.14365614811447
			4.90985359592745	-5.13962506962848
			4.91388467441343	-5.1355939911425
			4.91791575289941	-5.13156291265652
			4.92194683138539	-5.13156291265652
			4.92597790987138	-5.12753183417053
			4.93000898835736	-5.12350075568455
			4.93404006684334	-5.11946967719857
			4.93807114532933	-5.11946967719857
			4.94210222381531	-5.11543859871258
			4.94613330230129	-5.1114075202266
			4.95016438078728	-5.10737644174062
			4.95419545927326	-5.10737644174062
			4.95822653775924	-5.10334536325464
			4.96225761624523	-5.09931428476865
			4.96628869473121	-5.09528320628267
			4.97031977321719	-5.09528320628267
			4.97435085170317	-5.09125212779669
			4.97838193018916	-5.0872210493107
			4.98241300867514	-5.08318997082472
			4.98644408716112	-5.08318997082472
			4.99047516564711	-5.07915889233874
			4.99450624413309	-5.07512781385275
			4.99853732261907	-5.07109673536677
			5.00256840110506	-5.07109673536677
			5.00659947959104	-5.06706565688079
			5.01063055807702	-5.0630345783948
			5.01466163656301	-5.05900349990882
			5.01869271504899	-5.05900349990882
			5.02272379353497	-5.05497242142284
			5.02675487202096	-5.05094134293685
			5.03078595050694	-5.05094134293685
			5.03481702899292	-5.04691026445087
			5.0388481074789	-5.04287918596489
			5.04287918596489	-5.0388481074789
			5.04691026445087	-5.0388481074789
			5.05094134293685	-5.03481702899292
			5.05497242142284	-5.03078595050694
			5.05900349990882	-5.03078595050694
			5.0630345783948	-5.02675487202096
			5.06706565688079	-5.02675487202096
			5.07109673536677	-5.02272379353497
			5.07512781385275	-5.01869271504899
			5.07915889233874	-5.01869271504899
			5.08318997082472	-5.01466163656301
			5.0872210493107	-5.01466163656301
			5.0872210493107	-5.01063055807702
			5.09125212779669	-5.01063055807702
			5.09528320628267	-5.00659947959104
			5.09931428476865	-5.00659947959104
			5.09931428476865	-5.00256840110506
			5.10334536325464	-5.00256840110506
			5.10737644174062	-4.99853732261907
			5.1114075202266	-4.99853732261907
			5.1114075202266	-4.99450624413309
			5.11543859871258	-4.99450624413309
			5.11946967719857	-4.99047516564711
			5.12350075568455	-4.99047516564711
			5.12350075568455	-4.98644408716112
			5.12753183417053	-4.98644408716112
			5.13156291265652	-4.98241300867514
			5.1355939911425	-4.98241300867514
			5.13962506962848	-4.97838193018916
			5.14365614811447	-4.97435085170317
			5.14768722660045	-4.97435085170317
			5.15171830508643	-4.97031977321719
			5.15574938357242	-4.97031977321719
			5.1597804620584	-4.96628869473121
			5.16381154054438	-4.96628869473121
			5.16784261903037	-4.96225761624523
			5.17187369751635	-4.95822653775924
			5.17590477600233	-4.95822653775924
			5.17993585448831	-4.95419545927326
			5.1839669329743	-4.95016438078728
			5.18799801146028	-4.95016438078728
			5.19202908994626	-4.94613330230129
			5.19606016843225	-4.94613330230129
			5.20009124691823	-4.94210222381531
			5.20412232540421	-4.94210222381531
			5.20412232540421	-4.93807114532933
			5.2081534038902	-4.93807114532933
			5.21218448237618	-4.93404006684334
			5.21621556086216	-4.93404006684334
			5.22024663934815	-4.93000898835736
			5.22427771783413	-4.93000898835736
			5.22830879632011	-4.92597790987138
			5.2323398748061	-4.92194683138539
			5.23637095329208	-4.92194683138539
			5.24040203177806	-4.91791575289941
			5.24443311026404	-4.91791575289941
			5.24846418875003	-4.91388467441343
			5.25249526723601	-4.91388467441343
			5.25652634572199	-4.90985359592745
			5.26055742420798	-4.90985359592745
			5.26458850269396	-4.90582251744146
			5.26861958117994	-4.90582251744146
			5.27265065966593	-4.90179143895548
			5.27668173815191	-4.90179143895548
			5.28071281663789	-4.8977603604695
			5.28474389512388	-4.8977603604695
			5.28877497360986	-4.89372928198351
			5.29280605209584	-4.89372928198351
			5.29683713058182	-4.88969820349753
			5.30086820906781	-4.88969820349753
			5.30489928755379	-4.88566712501155
			5.30893036603977	-4.88566712501155
			5.31296144452576	-4.88163604652556
			5.31699252301174	-4.88163604652556
			5.32102360149772	-4.87760496803958
			5.32505467998371	-4.87760496803958
			5.32908575846969	-4.8735738895536
			5.33311683695567	-4.8735738895536
			5.33714791544166	-4.86954281106761
			5.34117899392764	-4.86954281106761
			5.34521007241362	-4.86551173258163
			5.34924115089961	-4.86551173258163
			5.35327222938559	-4.86148065409565
			5.35730330787157	-4.86148065409565
			5.36133438635756	-4.85744957560966
			5.36536546484354	-4.85744957560966
			5.36939654332952	-4.85341849712368
			5.3734276218155	-4.85341849712368
			5.37745870030149	-4.8493874186377
			5.38148977878747	-4.8493874186377
			5.38552085727345	-4.84535634015172
			5.38955193575944	-4.84535634015172
			5.39358301424542	-4.84132526166573
			5.3976140927314	-4.84132526166573
			5.40164517121739	-4.84132526166573
			5.40567624970337	-4.83729418317975
			5.40970732818935	-4.83729418317975
			5.41373840667534	-4.83326310469377
			5.41776948516132	-4.83326310469377
			5.4218005636473	-4.82923202620778
			5.42583164213328	-4.82923202620778
			5.42986272061927	-4.8252009477218
			5.43389379910525	-4.8252009477218
			5.43792487759123	-4.82116986923582
			5.44195595607722	-4.82116986923582
			5.4459870345632	-4.82116986923582
			5.45001811304918	-4.81713879074983
			5.45404919153517	-4.81713879074983
			5.45808027002115	-4.81310771226385
			5.46211134850713	-4.81310771226385
			5.46614242699312	-4.80907663377787
			5.4701735054791	-4.80907663377787
			5.47420458396508	-4.80907663377787
			5.47823566245107	-4.80504555529188
			5.48226674093705	-4.80504555529188
			5.48629781942303	-4.8010144768059
			5.49032889790901	-4.8010144768059
			5.494359976395	-4.8010144768059
			5.49839105488098	-4.79698339831992
			5.50242213336696	-4.79698339831992
			5.50645321185295	-4.79295231983393
			5.51048429033893	-4.79295231983393
			5.51451536882491	-4.79295231983393
			5.5185464473109	-4.78892124134795
			5.52257752579688	-4.78892124134795
			5.52660860428286	-4.78892124134795
			5.53063968276885	-4.78489016286197
			5.53467076125483	-4.78489016286197
			5.53870183974081	-4.78085908437598
			5.5427329182268	-4.78085908437598
			5.54676399671278	-4.78085908437598
			5.55079507519876	-4.77682800589
			5.55482615368475	-4.77682800589
			5.55885723217073	-4.77279692740402
			5.56288831065671	-4.77279692740402
			5.56691938914269	-4.77279692740402
			5.57095046762868	-4.77279692740402
			5.57498154611466	-4.76876584891804
			5.57901262460064	-4.76876584891804
			5.58304370308663	-4.76473477043205
			5.58707478157261	-4.76473477043205
			5.59110586005859	-4.76473477043205
			5.59513693854458	-4.76070369194607
			5.59916801703056	-4.76070369194607
			5.60319909551654	-4.76070369194607
			5.60723017400253	-4.75667261346009
			5.61126125248851	-4.75667261346009
			5.61529233097449	-4.75667261346009
			5.61932340946047	-4.7526415349741
			5.62335448794646	-4.7526415349741
			5.62738556643244	-4.7526415349741
			5.63141664491842	-4.74861045648812
			5.63544772340441	-4.74861045648812
			5.63947880189039	-4.74861045648812
			5.64350988037637	-4.74457937800214
			5.64754095886236	-4.74457937800214
			5.65157203734834	-4.74457937800214
			5.65560311583432	-4.74054829951615
			5.65963419432031	-4.74054829951615
			5.66366527280629	-4.74054829951615
			5.66769635129227	-4.73651722103017
			5.67172742977826	-4.73651722103017
			5.67575850826424	-4.73651722103017
			5.67978958675022	-4.73651722103017
			5.67978958675022	-4.73248614254419
			5.6838206652362	-4.73248614254419
			5.68785174372219	-4.73248614254419
			5.69188282220817	-4.73248614254419
			5.69591390069415	-4.7284550640582
			5.69994497918014	-4.7284550640582
			5.70397605766612	-4.7284550640582
			5.7080071361521	-4.72442398557222
			5.71203821463809	-4.72442398557222
			5.71606929312407	-4.72442398557222
			5.72010037161005	-4.72039290708624
			5.72413145009604	-4.72039290708624
			5.72816252858202	-4.72039290708624
			5.732193607068	-4.72039290708624
			5.73622468555399	-4.71636182860026
			5.74025576403997	-4.71636182860026
			5.74428684252595	-4.71636182860026
			5.74831792101193	-4.71233075011427
			5.75234899949792	-4.71233075011427
			5.7563800779839	-4.71233075011427
			5.76041115646988	-4.71233075011427
			5.76444223495587	-4.70829967162829
			5.76847331344185	-4.70829967162829
			5.77250439192783	-4.70829967162829
			5.77653547041382	-4.70829967162829
			5.7805665488998	-4.70426859314231
			5.78459762738578	-4.70426859314231
			5.78862870587177	-4.70426859314231
			5.79265978435775	-4.70426859314231
			5.79669086284373	-4.70023751465632
			5.80072194132972	-4.70023751465632
			5.8047530198157	-4.70023751465632
			5.80878409830168	-4.70023751465632
			5.81281517678767	-4.69620643617034
			5.81684625527365	-4.69620643617034
			5.82087733375963	-4.69620643617034
			5.82490841224561	-4.69620643617034
			5.8289394907316	-4.69217535768436
			5.83297056921758	-4.69217535768436
			5.83700164770356	-4.69217535768436
			5.84103272618955	-4.69217535768436
			5.84506380467553	-4.68814427919837
			5.84909488316151	-4.68814427919837
			5.8531259616475	-4.68814427919837
			5.85715704013348	-4.68814427919837
			5.86118811861946	-4.68814427919837
			5.86521919710545	-4.68411320071239
			5.86925027559143	-4.68411320071239
			5.87328135407741	-4.68411320071239
			5.8773124325634	-4.68411320071239
			5.88134351104938	-4.68008212222641
			5.88537458953536	-4.68008212222641
			5.88940566802134	-4.68008212222641
			5.89343674650733	-4.68008212222641
			5.89746782499331	-4.67605104374042
			5.90149890347929	-4.67605104374042
			5.90552998196528	-4.67605104374042
			5.90956106045126	-4.67605104374042
			5.91359213893724	-4.67605104374042
			5.91762321742323	-4.67201996525444
			5.92165429590921	-4.67201996525444
			5.92568537439519	-4.67201996525444
			5.92971645288118	-4.67201996525444
			5.93374753136716	-4.67201996525444
			5.93777860985314	-4.66798888676846
			5.94180968833912	-4.66798888676846
			5.94584076682511	-4.66798888676846
			5.94987184531109	-4.66798888676846
			5.95390292379707	-4.66798888676846
			5.95793400228306	-4.66395780828247
			5.96196508076904	-4.66395780828247
			5.96599615925502	-4.66395780828247
			5.97002723774101	-4.66395780828247
			5.97405831622699	-4.66395780828247
			5.97808939471297	-4.66395780828247
			5.98212047319896	-4.65992672979649
			5.98615155168494	-4.65992672979649
			5.99018263017092	-4.65992672979649
			5.9942137086569	-4.65992672979649
			5.99824478714289	-4.65992672979649
			6.00227586562887	-4.65589565131051
			6.00630694411486	-4.65589565131051
			6.01033802260084	-4.65589565131051
			6.01436910108682	-4.65589565131051
			6.0184001795728	-4.65589565131051
			6.02243125805879	-4.65589565131051
			6.02646233654477	-4.65186457282453
			6.03049341503075	-4.65186457282453
			6.03452449351674	-4.65186457282453
			6.03855557200272	-4.65186457282453
			6.0425866504887	-4.65186457282453
			6.04661772897469	-4.65186457282453
			6.05064880746067	-4.65186457282453
			6.05467988594665	-4.64783349433854
			6.05871096443264	-4.64783349433854
			6.06274204291862	-4.64783349433854
			6.0667731214046	-4.64783349433854
			6.07080419989058	-4.64783349433854
			6.07483527837657	-4.64783349433854
			6.07886635686255	-4.64380241585256
			6.08289743534853	-4.64380241585256
			6.08692851383452	-4.64380241585256
			6.0909595923205	-4.64380241585256
			6.09499067080648	-4.64380241585256
			6.09902174929247	-4.64380241585256
			6.10305282777845	-4.64380241585256
			6.10708390626443	-4.63977133736658
			6.11111498475042	-4.63977133736658
			6.1151460632364	-4.63977133736658
			6.11917714172238	-4.63977133736658
			6.12320822020837	-4.63977133736658
			6.12723929869435	-4.63977133736658
			6.13127037718033	-4.63977133736658
			6.13530145566631	-4.63977133736658
			6.1393325341523	-4.63977133736658
			6.14336361263828	-4.63574025888059
			6.14739469112426	-4.63574025888059
			6.15142576961025	-4.63574025888059
			6.15545684809623	-4.63574025888059
			6.15948792658221	-4.63574025888059
			6.1635190050682	-4.63574025888059
			6.16755008355418	-4.63574025888059
			6.17158116204016	-4.63574025888059
			6.17561224052615	-4.63170918039461
			6.17964331901213	-4.63170918039461
			6.18367439749811	-4.63170918039461
			6.1877054759841	-4.63170918039461
			6.19173655447008	-4.63170918039461
			6.19576763295606	-4.63170918039461
			6.19979871144204	-4.63170918039461
			6.20382978992803	-4.63170918039461
			6.20786086841401	-4.63170918039461
			6.2118919469	-4.63170918039461
			6.21592302538598	-4.62767810190863
			6.21995410387196	-4.62767810190863
			6.22398518235794	-4.62767810190863
			6.22801626084393	-4.62767810190863
			6.23204733932991	-4.62767810190863
			6.23607841781589	-4.62767810190863
			6.24010949630188	-4.62767810190863
			6.24414057478786	-4.62767810190863
			6.24817165327384	-4.62767810190863
			6.25220273175983	-4.62767810190863
			6.25623381024581	-4.62767810190863
			6.26026488873179	-4.62767810190863
			6.26429596721777	-4.62364702342264
			6.26832704570376	-4.62364702342264
			6.27235812418974	-4.62364702342264
			6.27638920267572	-4.62364702342264
			6.28042028116171	-4.62364702342264
			6.28445135964769	-4.62364702342264
			6.28848243813367	-4.62364702342264
			6.29251351661966	-4.61961594493666
			6.29654459510564	-4.61961594493666
			6.30057567359162	-4.61558486645068
			6.30460675207761	-4.61558486645068
			6.30863783056359	-4.61155378796469
			6.31266890904957	-4.60752270947871
			6.31669998753556	-4.60752270947871
			6.32073106602154	-4.60349163099273
			6.32476214450752	-4.60349163099273
			6.3287932229935	-4.59946055250674
			6.33282430147949	-4.59946055250674
			6.33685537996547	-4.59542947402076
			6.34088645845145	-4.59542947402076
			6.34491753693744	-4.59139839553478
			6.34894861542342	-4.59139839553478
			6.34894861542342	-4.5873673170488
			6.3529796939094	-4.5873673170488
			6.35701077239539	-4.58333623856281
			6.36104185088137	-4.58333623856281
			6.36507292936735	-4.57930516007683
			6.36910400785334	-4.57930516007683
			6.37313508633932	-4.57527408159085
			6.3771661648253	-4.57527408159085
			6.38119724331129	-4.57124300310486
			6.38522832179727	-4.57124300310486
			6.38925940028325	-4.56721192461888
			6.39329047876923	-4.56721192461888
			6.39732155725522	-4.5631808461329
			6.4013526357412	-4.5631808461329
			6.40538371422718	-4.55914976764691
			6.40941479271317	-4.55914976764691
			6.41344587119915	-4.55511868916093
			6.41747694968513	-4.55511868916093
			6.42150802817112	-4.55108761067495
			6.4255391066571	-4.55108761067495
			6.42957018514308	-4.54705653218896
			6.43360126362907	-4.54705653218896
			6.43763234211505	-4.54302545370298
			6.44166342060103	-4.54302545370298
			6.44166342060103	-4.538994375217
			6.44569449908701	-4.538994375217
			6.449725577573	-4.538994375217
			6.45375665605898	-4.53496329673101
			6.45778773454497	-4.53496329673101
			6.46181881303095	-4.53496329673101
			6.46181881303095	-4.53093221824503
			6.46584989151693	-4.53093221824503
			6.46988097000291	-4.52690113975905
			6.4739120484889	-4.52690113975905
			6.47794312697488	-4.52690113975905
			6.47794312697488	-4.52287006127307
			6.48197420546086	-4.52287006127307
			6.48600528394685	-4.51883898278708
			6.49003636243283	-4.51883898278708
			6.49406744091881	-4.51883898278708
			6.49406744091881	-4.5148079043011
			6.4980985194048	-4.5148079043011
			6.50212959789078	-4.5148079043011
			6.50616067637676	-4.51077682581512
			6.51019175486275	-4.51077682581512
			6.51422283334873	-4.50674574732913
			6.51825391183471	-4.50674574732913
			6.5222849903207	-4.50271466884315
			6.52631606880668	-4.50271466884315
			6.53034714729266	-4.49868359035717
			6.53437822577864	-4.49868359035717
			6.53840930426463	-4.49465251187118
			6.54244038275061	-4.49465251187118
			6.54647146123659	-4.49465251187118
			6.55050253972258	-4.4906214333852
			6.55453361820856	-4.4906214333852
			6.55856469669454	-4.48659035489922
			6.56259577518053	-4.48659035489922
			6.56662685366651	-4.48255927641323
			6.57065793215249	-4.48255927641323
			6.57468901063848	-4.48255927641323
			6.57872008912446	-4.47852819792725
			6.58275116761044	-4.47852819792725
			6.58678224609642	-4.47449711944127
			6.59081332458241	-4.47449711944127
			6.59484440306839	-4.47449711944127
			6.59887548155437	-4.47046604095528
			6.60290656004036	-4.47046604095528
			6.60693763852634	-4.4664349624693
			6.61096871701232	-4.4664349624693
			6.61499979549831	-4.4664349624693
			6.61903087398429	-4.46240388398332
			6.62306195247027	-4.46240388398332
			6.62709303095626	-4.45837280549734
			6.63112410944224	-4.45837280549734
			6.63515518792822	-4.45837280549734
			6.6391862664142	-4.45434172701135
			6.64321734490019	-4.45434172701135
			6.64724842338617	-4.45031064852537
			6.65127950187215	-4.45031064852537
			6.65531058035814	-4.45031064852537
			6.65934165884412	-4.44627957003939
			6.6633727373301	-4.44627957003939
			6.66740381581609	-4.4422484915534
			6.67143489430207	-4.4422484915534
			6.67546597278805	-4.4422484915534
			6.67949705127404	-4.43821741306742
			6.68352812976002	-4.43821741306742
			6.687559208246	-4.43821741306742
			6.69159028673199	-4.43418633458144
			6.69562136521797	-4.43418633458144
			6.69965244370395	-4.43418633458144
			6.70368352218994	-4.43015525609545
			6.70771460067592	-4.43015525609545
			6.7117456791619	-4.42612417760947
			6.71577675764788	-4.42612417760947
			6.71980783613387	-4.42612417760947
			6.72383891461985	-4.42209309912349
			6.72786999310583	-4.42209309912349
			6.73190107159182	-4.42209309912349
			6.7359321500778	-4.4180620206375
			6.73996322856378	-4.4180620206375
			6.74399430704977	-4.4180620206375
			6.74802538553575	-4.41403094215152
			6.75205646402173	-4.41403094215152
			6.75608754250772	-4.41403094215152
			6.7601186209937	-4.40999986366554
			6.76414969947968	-4.40999986366554
			6.76818077796567	-4.40999986366554
			6.77221185645165	-4.40596878517955
			6.77624293493763	-4.40596878517955
			6.78027401342361	-4.40596878517955
			6.7843050919096	-4.40193770669357
			6.78833617039558	-4.40193770669357
			6.79236724888156	-4.40193770669357
			6.79639832736755	-4.39790662820759
			6.80042940585353	-4.39790662820759
			6.80446048433951	-4.39790662820759
			6.8084915628255	-4.39387554972161
			6.81252264131148	-4.39387554972161
			6.81655371979746	-4.39387554972161
			6.82058479828345	-4.38984447123562
			6.82461587676943	-4.38984447123562
			6.82864695525541	-4.38984447123562
			6.8326780337414	-4.38984447123562
			6.83670911222738	-4.38581339274964
			6.84074019071336	-4.38581339274964
			6.84477126919934	-4.38581339274964
			6.84880234768533	-4.38178231426366
			6.85283342617131	-4.38178231426366
			6.85686450465729	-4.38178231426366
			6.86089558314328	-4.37775123577767
			6.86492666162926	-4.37775123577767
			6.86895774011524	-4.37775123577767
			6.87298881860123	-4.37775123577767
			6.87701989708721	-4.37372015729169
			6.88105097557319	-4.37372015729169
			6.88508205405918	-4.37372015729169
			6.88911313254516	-4.36968907880571
			6.89314421103114	-4.36968907880571
			6.89717528951712	-4.36968907880571
			6.90120636800311	-4.36968907880571
			6.90523744648909	-4.36565800031972
			6.90926852497507	-4.36565800031972
			6.91329960346106	-4.36565800031972
			6.91733068194704	-4.36565800031972
			6.92136176043302	-4.36162692183374
			6.92539283891901	-4.36162692183374
			6.92942391740499	-4.36162692183374
			6.93345499589097	-4.35759584334776
			6.93748607437696	-4.35759584334776
			6.94151715286294	-4.35759584334776
			6.94554823134892	-4.35759584334776
			6.94957930983491	-4.35759584334776
			6.95361038832089	-4.35356476486177
			6.95764146680687	-4.35356476486177
			6.96167254529286	-4.35356476486177
			6.96570362377884	-4.35356476486177
			6.96973470226482	-4.34953368637579
			6.9737657807508	-4.34953368637579
			6.97779685923679	-4.34953368637579
			6.98182793772277	-4.34953368637579
			6.98585901620875	-4.34953368637579
			6.98989009469474	-4.34550260788981
			6.99392117318072	-4.34550260788981
			6.9979522516667	-4.34550260788981
			7.00198333015269	-4.34147152940382
			7.00601440863867	-4.34147152940382
			7.01004548712465	-4.34147152940382
			7.01407656561064	-4.34147152940382
			7.01810764409662	-4.34147152940382
			7.0221387225826	-4.33744045091784
			7.02616980106859	-4.33744045091784
			7.03020087955457	-4.33744045091784
			7.03423195804055	-4.33744045091784
			7.03826303652653	-4.33744045091784
			7.04229411501252	-4.33340937243186
			7.0463251934985	-4.33340937243186
			7.05035627198448	-4.33340937243186
			7.05438735047047	-4.33340937243186
			7.05841842895645	-4.33340937243186
			7.06244950744243	-4.32937829394587
			7.06648058592842	-4.32937829394587
			7.0705116644144	-4.32937829394587
			7.07454274290038	-4.32937829394587
			7.07857382138637	-4.32937829394587
			7.08260489987235	-4.32534721545989
			7.08663597835833	-4.32534721545989
			7.09066705684431	-4.32534721545989
			7.0946981353303	-4.32534721545989
			7.09872921381628	-4.32534721545989
			7.10276029230226	-4.32534721545989
			7.10679137078825	-4.32131613697391
			7.11082244927423	-4.32131613697391
			7.11485352776021	-4.32131613697391
			7.1188846062462	-4.32131613697391
			7.12291568473218	-4.32131613697391
			7.12694676321816	-4.31728505848793
			7.13097784170415	-4.31728505848793
			7.13500892019013	-4.31728505848793
			7.13903999867611	-4.31728505848793
			7.1430710771621	-4.31728505848793
			7.14710215564808	-4.31728505848793
			7.15113323413406	-4.31325398000194
			7.15516431262005	-4.31325398000194
			7.15919539110603	-4.31325398000194
			7.16322646959201	-4.31325398000194
			7.167257548078	-4.31325398000194
			7.17128862656398	-4.31325398000194
			7.17531970504996	-4.31325398000194
			7.17935078353594	-4.30922290151596
			7.18338186202193	-4.30922290151596
			7.18741294050791	-4.30922290151596
			7.19144401899389	-4.30922290151596
			7.19547509747988	-4.30922290151596
			7.19950617596586	-4.30922290151596
			7.20353725445184	-4.30922290151596
			7.20756833293783	-4.30519182302998
			7.21159941142381	-4.30519182302998
			7.21563048990979	-4.30519182302998
			7.21966156839578	-4.30519182302998
			7.22369264688176	-4.30519182302998
			7.22772372536774	-4.30519182302998
			7.23175480385372	-4.30519182302998
			7.23578588233971	-4.30519182302998
			7.23981696082569	-4.30116074454399
			7.24384803931167	-4.30116074454399
			7.24787911779766	-4.30116074454399
			7.25191019628364	-4.30116074454399
			7.25594127476962	-4.30116074454399
			7.25997235325561	-4.30116074454399
			7.26400343174159	-4.30116074454399
			7.26803451022757	-4.30116074454399
			7.27206558871356	-4.29712966605801
			7.27609666719954	-4.29712966605801
			7.28012774568552	-4.29712966605801
			7.2841588241715	-4.29712966605801
			7.28818990265749	-4.29712966605801
			7.29222098114347	-4.29712966605801
			7.29625205962945	-4.29712966605801
			7.30028313811544	-4.29712966605801
			7.30431421660142	-4.29712966605801
			7.3083452950874	-4.29712966605801
			7.31237637357339	-4.29309858757203
			7.31640745205937	-4.29309858757203
			7.32043853054535	-4.29309858757203
			7.32446960903134	-4.29309858757203
			7.32850068751732	-4.29309858757203
			7.3325317660033	-4.29309858757203
			7.33656284448929	-4.29309858757203
			7.34059392297527	-4.29309858757203
			7.34462500146125	-4.29309858757203
			7.34865607994723	-4.29309858757203
			7.35268715843322	-4.29309858757203
			7.3567182369192	-4.29309858757203
			7.36074931540518	-4.28906750908604
			7.36478039389117	-4.28906750908604
			7.36881147237715	-4.28906750908604
			7.37284255086313	-4.28906750908604
			7.37687362934912	-4.28906750908604
			7.3809047078351	-4.28906750908604
			7.38493578632108	-4.28906750908604
			7.38896686480707	-4.28906750908604
			7.39299794329305	-4.28906750908604
			7.39702902177903	-4.28906750908604
			7.40106010026502	-4.28906750908604
			7.405091178751	-4.28906750908604
			7.40912225723698	-4.28906750908604
			7.41315333572297	-4.28906750908604
			7.41718441420895	-4.28906750908604
			7.42121549269493	-4.28906750908604
			7.42524657118091	-4.28906750908604
			7.4292776496669	-4.28503643060006
			7.43330872815288	-4.28503643060006
			7.43733980663886	-4.28503643060006
			7.44137088512485	-4.28503643060006
			7.44540196361083	-4.28503643060006
			7.44943304209681	-4.28503643060006
			7.4534641205828	-4.28503643060006
			7.45749519906878	-4.28503643060006
			7.46152627755476	-4.28503643060006
			7.46555735604075	-4.28503643060006
			7.46958843452673	-4.28503643060006
			7.47361951301271	-4.28503643060006
			7.4776505914987	-4.28503643060006
			7.48168166998468	-4.28503643060006
			7.48571274847066	-4.28503643060006
			7.48974382695664	-4.28503643060006
			7.49377490544263	-4.28503643060006
			7.49780598392861	-4.28503643060006
			7.50183706241459	-4.28503643060006
			7.50586814090058	-4.28503643060006
			7.50989921938656	-4.28503643060006
			7.51393029787254	-4.28503643060006
			7.51796137635853	-4.28503643060006
			7.52199245484451	-4.28503643060006
			7.52602353333049	-4.28503643060006
			7.53005461181648	-4.28503643060006
			7.53408569030246	-4.28503643060006
			7.53811676878844	-4.28503643060006
			7.54214784727442	-4.28503643060006
			7.54617892576041	-4.28503643060006
			7.55021000424639	-4.28503643060006
			7.55424108273237	-4.28503643060006
			7.55827216121836	-4.28503643060006
			7.56230323970434	-4.28503643060006
			7.56633431819032	-4.28503643060006
			7.57036539667631	-4.28503643060006
			7.57439647516229	-4.28503643060006
			7.57842755364827	-4.28503643060006
			7.58245863213426	-4.28503643060006
			7.58648971062024	-4.28503643060006
			7.59052078910622	-4.28503643060006
			7.5945518675922	-4.28503643060006
			7.59858294607819	-4.28503643060006
			7.60261402456417	-4.28503643060006
			7.60664510305015	-4.28503643060006
			7.61067618153614	-4.28503643060006
			7.61470726002212	-4.28503643060006
			7.6187383385081	-4.28503643060006
			7.62276941699409	-4.28503643060006
			7.62680049548007	-4.28503643060006
			7.63083157396605	-4.28503643060006
			7.63486265245204	-4.28503643060006
			7.63889373093802	-4.28503643060006
			7.642924809424	-4.28503643060006
			7.64695588790999	-4.28503643060006
			7.65098696639597	-4.28503643060006
			7.65501804488195	-4.28503643060006
			7.65904912336794	-4.28503643060006
			7.66308020185392	-4.28503643060006
			7.6671112803399	-4.28503643060006
			7.67114235882589	-4.28503643060006
			7.67517343731187	-4.28906750908604
			7.67920451579785	-4.28906750908604
			7.68323559428383	-4.28906750908604
			7.68726667276982	-4.28906750908604
			7.6912977512558	-4.28906750908604
			7.69532882974178	-4.28906750908604
			7.69935990822777	-4.28906750908604
			7.70339098671375	-4.28906750908604
			7.70742206519973	-4.28906750908604
			7.71145314368572	-4.28906750908604
			7.7154842221717	-4.28906750908604
			7.71951530065768	-4.28906750908604
			7.72354637914367	-4.28906750908604
			7.72757745762965	-4.28906750908604
			7.73160853611563	-4.28906750908604
			7.73563961460161	-4.28906750908604
			7.7396706930876	-4.28906750908604
			7.74370177157358	-4.29309858757203
			7.74773285005956	-4.29309858757203
			7.75176392854555	-4.29309858757203
			7.75579500703153	-4.29309858757203
			7.75982608551751	-4.29309858757203
			7.7638571640035	-4.29309858757203
			7.76788824248948	-4.29309858757203
			7.77191932097546	-4.29309858757203
			7.77595039946145	-4.29309858757203
			7.77998147794743	-4.29309858757203
			7.78401255643341	-4.29309858757203
			7.7880436349194	-4.29309858757203
			7.79207471340538	-4.29309858757203
			7.79610579189136	-4.29712966605801
			7.80013687037734	-4.29712966605801
			7.80416794886333	-4.29712966605801
			7.80819902734931	-4.29712966605801
			7.81223010583529	-4.29712966605801
			7.81626118432128	-4.29712966605801
			7.82029226280726	-4.29712966605801
			7.82432334129324	-4.29712966605801
			7.82835441977923	-4.29712966605801
			7.83238549826521	-4.29712966605801
			7.83641657675119	-4.30116074454399
			7.84044765523718	-4.30116074454399
			7.84447873372316	-4.30116074454399
			7.84850981220914	-4.30116074454399
			7.85254089069513	-4.30116074454399
			7.85657196918111	-4.30116074454399
			7.86060304766709	-4.30116074454399
			7.86463412615308	-4.30116074454399
			7.86866520463906	-4.30116074454399
			7.87269628312504	-4.30519182302998
			7.87672736161102	-4.30519182302998
			7.88075844009701	-4.30519182302998
			7.88478951858299	-4.30519182302998
			7.88882059706897	-4.30519182302998
			7.89285167555496	-4.30519182302998
			7.89688275404094	-4.30519182302998
			7.90091383252692	-4.30519182302998
			7.90494491101291	-4.30519182302998
			7.90897598949889	-4.30922290151596
			7.91300706798487	-4.30922290151596
			7.91703814647086	-4.30922290151596
			7.92106922495684	-4.30922290151596
			7.92510030344282	-4.30922290151596
			7.9291313819288	-4.30922290151596
			7.93316246041479	-4.30922290151596
			7.93719353890077	-4.31325398000194
			7.94122461738675	-4.31325398000194
			7.94525569587274	-4.31325398000194
			7.94928677435872	-4.31325398000194
			7.9533178528447	-4.31325398000194
			7.95734893133069	-4.31325398000194
			7.96138000981667	-4.31325398000194
			7.96541108830265	-4.31728505848793
			7.96944216678864	-4.31728505848793
			7.97347324527462	-4.31728505848793
			7.9775043237606	-4.31728505848793
			7.98153540224659	-4.31728505848793
			7.98556648073257	-4.31728505848793
			7.98959755921855	-4.32131613697391
			7.99362863770453	-4.32131613697391
			7.99765971619052	-4.32131613697391
			8.0016907946765	-4.32131613697391
			8.00572187316248	-4.32131613697391
			8.00975295164847	-4.32131613697391
			8.01378403013445	-4.32534721545989
			8.01781510862043	-4.32534721545989
			8.02184618710642	-4.32534721545989
			8.0258772655924	-4.32534721545989
			8.02990834407838	-4.32534721545989
			8.03393942256437	-4.32534721545989
			8.03797050105035	-4.32937829394587
			8.04200157953633	-4.32937829394587
			8.04603265802232	-4.32937829394587
			8.0500637365083	-4.32937829394587
		</Head>
	</curves.scaled>
	<ruler.points type=matrix rownames=TRUE colnames=FALSE nrow=2 ncol=2 as.numeric=TRUE >
		Ruler point 1	3326	650
		Ruler point 2	3320	898
	</ruler.points>
</shapes>

