<shapes type=list>
	<ruler.pixel type=vector names=FALSE length=1 as.numeric=TRUE >260.232588274413</ruler.pixel>
	<ruler.interval type=vector names=FALSE length=1 as.numeric=TRUE >1</ruler.interval>
	<scaling.units type=vector names=FALSE length=1 as.numeric=FALSE >cm</scaling.units>
	<scaling type=vector names=FALSE length=1 as.numeric=TRUE >0.00384271626636365</scaling>
	<landmarks.pixel type=matrix rownames=TRUE colnames=FALSE nrow=5 ncol=2 as.numeric=TRUE >
		LM1	1136	1334
		LM2	1974	1077
		LM3	2650	1204
		LM4	2664	1470
		LM5	1402	1564
	</landmarks.pixel>
	<landmarks.scaled type=matrix rownames=TRUE colnames=FALSE nrow=5 ncol=2 as.numeric=TRUE >
		LM1	4.3653256785891	-5.12618349932911
		LM2	7.58552190980184	-4.13860541887365
		LM3	10.1831981058637	-4.62663038470183
		LM4	10.2369961335928	-5.64879291155456
		LM5	5.38748820544184	-6.01000824059275
	</landmarks.scaled>
	<curves.control type=list>
		<Head type=matrix rownames=FALSE colnames=FALSE nrow=5 ncol=2 as.numeric=TRUE >
			1136	1334
			1339	1172
			1614	1131
			1817	1032
			1974	1077
		</Head>
	</curves.control>
	<curves.pixel type=list>
		<Head type=matrix rownames=FALSE colnames=FALSE nrow=859 ncol=2 as.numeric=TRUE >
			1136	1334
			1137	1333
			1138	1333
			1139	1332
			1140	1331
			1141	1330
			1142	1329
			1143	1328
			1144	1328
			1145	1327
			1146	1326
			1147	1325
			1148	1324
			1149	1324
			1150	1323
			1151	1323
			1151	1322
			1152	1321
			1153	1321
			1154	1320
			1155	1320
			1155	1319
			1156	1318
			1157	1318
			1158	1317
			1159	1316
			1160	1315
			1161	1315
			1162	1314
			1163	1313
			1164	1312
			1165	1312
			1166	1311
			1167	1310
			1168	1310
			1169	1309
			1170	1308
			1171	1307
			1172	1307
			1173	1306
			1174	1305
			1175	1305
			1176	1304
			1177	1303
			1178	1303
			1179	1302
			1180	1301
			1181	1301
			1181	1300
			1182	1299
			1183	1298
			1184	1298
			1185	1297
			1186	1296
			1187	1296
			1188	1295
			1189	1294
			1190	1294
			1191	1293
			1192	1292
			1193	1292
			1194	1291
			1195	1290
			1196	1290
			1197	1289
			1198	1288
			1199	1288
			1200	1287
			1201	1286
			1202	1286
			1203	1285
			1204	1284
			1205	1284
			1206	1283
			1207	1282
			1208	1282
			1209	1281
			1210	1280
			1211	1280
			1212	1279
			1213	1279
			1214	1278
			1215	1277
			1216	1277
			1217	1276
			1218	1275
			1219	1275
			1220	1274
			1221	1273
			1222	1273
			1223	1272
			1224	1272
			1225	1271
			1226	1270
			1227	1270
			1228	1269
			1229	1268
			1230	1268
			1231	1267
			1232	1267
			1233	1266
			1234	1265
			1235	1265
			1236	1264
			1237	1263
			1238	1263
			1239	1262
			1240	1262
			1241	1261
			1242	1260
			1243	1260
			1244	1259
			1245	1259
			1246	1258
			1247	1257
			1248	1257
			1249	1256
			1250	1256
			1251	1255
			1252	1255
			1253	1254
			1254	1253
			1255	1253
			1256	1252
			1257	1252
			1258	1251
			1259	1251
			1260	1250
			1261	1250
			1262	1249
			1263	1249
			1264	1248
			1265	1247
			1266	1247
			1267	1246
			1268	1246
			1269	1245
			1270	1244
			1271	1244
			1272	1243
			1273	1243
			1274	1242
			1275	1242
			1276	1241
			1277	1241
			1278	1240
			1279	1240
			1280	1239
			1281	1239
			1282	1238
			1283	1238
			1284	1237
			1285	1237
			1286	1236
			1287	1236
			1287	1235
			1288	1235
			1289	1234
			1290	1234
			1291	1233
			1292	1233
			1293	1232
			1294	1232
			1295	1231
			1296	1231
			1297	1230
			1298	1230
			1299	1229
			1300	1229
			1301	1228
			1302	1228
			1303	1227
			1304	1227
			1305	1226
			1306	1226
			1306	1225
			1307	1225
			1308	1225
			1309	1224
			1310	1224
			1311	1223
			1312	1223
			1313	1222
			1314	1222
			1315	1221
			1316	1221
			1317	1220
			1318	1220
			1319	1219
			1320	1219
			1321	1218
			1322	1218
			1323	1218
			1324	1217
			1325	1217
			1326	1216
			1327	1216
			1328	1215
			1329	1215
			1330	1214
			1331	1214
			1332	1213
			1333	1213
			1334	1213
			1334	1212
			1335	1212
			1336	1211
			1337	1211
			1338	1210
			1339	1210
			1340	1210
			1341	1209
			1342	1209
			1343	1208
			1344	1208
			1345	1207
			1346	1207
			1347	1206
			1348	1206
			1349	1206
			1350	1205
			1351	1205
			1352	1204
			1353	1204
			1354	1203
			1355	1203
			1356	1203
			1357	1202
			1358	1202
			1359	1201
			1360	1201
			1361	1201
			1362	1200
			1363	1200
			1364	1199
			1365	1199
			1366	1198
			1367	1198
			1368	1198
			1369	1197
			1370	1197
			1371	1196
			1372	1196
			1373	1196
			1374	1195
			1375	1195
			1376	1194
			1377	1194
			1378	1194
			1379	1193
			1380	1193
			1381	1192
			1382	1192
			1383	1192
			1384	1191
			1385	1191
			1386	1190
			1387	1190
			1388	1190
			1389	1189
			1390	1189
			1391	1189
			1392	1188
			1393	1188
			1394	1187
			1395	1187
			1396	1187
			1397	1186
			1398	1186
			1399	1185
			1400	1185
			1401	1185
			1402	1184
			1403	1184
			1404	1184
			1405	1183
			1406	1183
			1407	1183
			1408	1182
			1409	1182
			1410	1181
			1411	1181
			1412	1181
			1413	1180
			1414	1180
			1415	1180
			1416	1179
			1417	1179
			1418	1179
			1419	1178
			1420	1178
			1421	1178
			1422	1177
			1423	1177
			1424	1177
			1425	1176
			1426	1176
			1427	1176
			1428	1175
			1429	1175
			1430	1175
			1430	1174
			1431	1174
			1432	1174
			1433	1174
			1434	1173
			1435	1173
			1436	1173
			1437	1172
			1438	1172
			1439	1172
			1440	1171
			1441	1171
			1442	1171
			1443	1170
			1444	1170
			1445	1170
			1446	1169
			1447	1169
			1448	1169
			1449	1169
			1449	1168
			1450	1168
			1451	1168
			1452	1168
			1453	1167
			1454	1167
			1455	1167
			1456	1166
			1457	1166
			1458	1166
			1459	1165
			1460	1165
			1461	1165
			1462	1165
			1463	1164
			1464	1164
			1465	1164
			1465	1163
			1466	1163
			1467	1163
			1468	1163
			1469	1162
			1470	1162
			1471	1162
			1472	1162
			1473	1161
			1474	1161
			1475	1161
			1476	1160
			1477	1160
			1478	1160
			1479	1160
			1480	1159
			1481	1159
			1482	1159
			1483	1159
			1484	1158
			1485	1158
			1486	1158
			1487	1157
			1488	1157
			1489	1157
			1490	1157
			1491	1156
			1492	1156
			1493	1156
			1494	1155
			1495	1155
			1496	1155
			1497	1155
			1498	1154
			1499	1154
			1500	1154
			1501	1154
			1502	1153
			1503	1153
			1504	1153
			1505	1153
			1506	1152
			1507	1152
			1508	1152
			1509	1152
			1510	1151
			1511	1151
			1512	1151
			1513	1151
			1514	1150
			1515	1150
			1516	1150
			1517	1150
			1518	1149
			1519	1149
			1520	1149
			1521	1149
			1522	1148
			1523	1148
			1524	1148
			1525	1148
			1526	1148
			1527	1147
			1528	1147
			1529	1147
			1530	1147
			1531	1146
			1532	1146
			1533	1146
			1534	1146
			1535	1146
			1536	1145
			1537	1145
			1538	1145
			1539	1145
			1540	1145
			1540	1144
			1541	1144
			1542	1144
			1543	1144
			1544	1144
			1545	1143
			1546	1143
			1547	1143
			1548	1143
			1549	1143
			1550	1142
			1551	1142
			1552	1142
			1553	1142
			1554	1142
			1555	1141
			1556	1141
			1557	1141
			1558	1141
			1559	1141
			1559	1140
			1560	1140
			1561	1140
			1562	1140
			1563	1140
			1564	1140
			1565	1139
			1566	1139
			1567	1139
			1568	1139
			1569	1139
			1570	1138
			1571	1138
			1572	1138
			1573	1138
			1574	1138
			1575	1138
			1575	1137
			1576	1137
			1577	1137
			1578	1137
			1579	1137
			1580	1137
			1581	1136
			1582	1136
			1583	1136
			1584	1136
			1585	1136
			1586	1136
			1587	1135
			1588	1135
			1589	1135
			1590	1135
			1591	1135
			1592	1134
			1593	1134
			1594	1134
			1595	1134
			1596	1134
			1597	1134
			1598	1134
			1598	1133
			1599	1133
			1600	1133
			1601	1133
			1602	1133
			1603	1133
			1604	1133
			1605	1132
			1606	1132
			1607	1132
			1608	1132
			1609	1132
			1610	1132
			1611	1131
			1612	1131
			1613	1131
			1614	1131
			1615	1131
			1615	1130
			1616	1130
			1617	1130
			1618	1129
			1619	1129
			1620	1128
			1621	1127
			1622	1127
			1623	1127
			1624	1126
			1625	1126
			1626	1125
			1627	1125
			1628	1124
			1629	1124
			1630	1123
			1631	1123
			1632	1122
			1633	1122
			1634	1121
			1635	1121
			1636	1121
			1636	1120
			1637	1120
			1638	1120
			1639	1119
			1640	1119
			1641	1118
			1642	1118
			1643	1118
			1643	1117
			1644	1117
			1645	1117
			1646	1116
			1647	1116
			1648	1115
			1649	1115
			1650	1114
			1651	1114
			1652	1114
			1652	1113
			1653	1113
			1654	1113
			1655	1112
			1656	1112
			1657	1111
			1658	1111
			1659	1111
			1660	1110
			1661	1110
			1662	1109
			1663	1109
			1664	1108
			1665	1108
			1666	1108
			1667	1107
			1668	1107
			1669	1106
			1670	1106
			1671	1106
			1672	1105
			1673	1105
			1674	1105
			1675	1104
			1676	1104
			1677	1103
			1678	1103
			1679	1102
			1680	1102
			1681	1102
			1682	1101
			1683	1101
			1684	1101
			1685	1100
			1686	1100
			1687	1100
			1688	1099
			1689	1099
			1690	1098
			1691	1098
			1692	1098
			1693	1097
			1694	1097
			1695	1097
			1696	1096
			1697	1096
			1698	1096
			1698	1095
			1699	1095
			1700	1095
			1701	1094
			1702	1094
			1703	1094
			1704	1093
			1705	1093
			1706	1093
			1707	1092
			1708	1092
			1709	1092
			1710	1092
			1710	1091
			1711	1091
			1712	1091
			1713	1090
			1714	1090
			1715	1090
			1716	1089
			1717	1089
			1718	1089
			1719	1089
			1720	1088
			1721	1088
			1722	1087
			1723	1087
			1724	1087
			1725	1087
			1726	1086
			1727	1086
			1728	1086
			1729	1085
			1730	1085
			1731	1085
			1732	1084
			1733	1084
			1734	1084
			1735	1084
			1736	1083
			1737	1083
			1738	1083
			1739	1083
			1739	1082
			1740	1082
			1741	1082
			1742	1082
			1743	1081
			1744	1081
			1745	1081
			1746	1081
			1747	1080
			1748	1080
			1749	1080
			1750	1080
			1751	1079
			1752	1079
			1753	1079
			1754	1078
			1755	1078
			1756	1078
			1757	1078
			1758	1077
			1759	1077
			1760	1077
			1761	1077
			1762	1076
			1763	1076
			1764	1076
			1765	1076
			1766	1076
			1767	1075
			1768	1075
			1769	1075
			1770	1075
			1771	1074
			1772	1074
			1773	1074
			1774	1074
			1775	1073
			1776	1073
			1777	1073
			1778	1073
			1779	1073
			1780	1072
			1781	1072
			1782	1072
			1783	1072
			1784	1072
			1785	1071
			1786	1071
			1787	1071
			1788	1071
			1789	1071
			1790	1071
			1791	1070
			1792	1070
			1793	1070
			1794	1070
			1795	1070
			1796	1070
			1797	1069
			1798	1069
			1799	1069
			1800	1069
			1801	1069
			1802	1069
			1803	1068
			1804	1068
			1805	1068
			1806	1068
			1807	1068
			1808	1068
			1809	1067
			1810	1067
			1811	1067
			1812	1067
			1813	1067
			1814	1067
			1815	1067
			1816	1067
			1817	1066
			1818	1066
			1819	1066
			1820	1066
			1821	1066
			1822	1066
			1823	1066
			1824	1066
			1825	1065
			1826	1065
			1827	1065
			1828	1065
			1829	1065
			1830	1065
			1831	1065
			1832	1065
			1833	1065
			1834	1065
			1835	1065
			1836	1064
			1837	1064
			1838	1064
			1839	1064
			1840	1064
			1841	1064
			1842	1064
			1843	1064
			1844	1064
			1845	1064
			1846	1064
			1847	1064
			1848	1064
			1849	1064
			1850	1063
			1851	1063
			1852	1063
			1853	1063
			1854	1063
			1855	1063
			1856	1063
			1857	1063
			1858	1063
			1859	1063
			1860	1063
			1861	1063
			1862	1063
			1863	1063
			1864	1063
			1865	1063
			1866	1063
			1867	1063
			1868	1063
			1869	1063
			1870	1063
			1871	1063
			1872	1063
			1873	1063
			1874	1063
			1875	1063
			1876	1063
			1877	1063
			1878	1063
			1879	1063
			1880	1063
			1881	1063
			1882	1063
			1883	1063
			1884	1063
			1885	1063
			1886	1063
			1887	1063
			1888	1063
			1889	1063
			1890	1063
			1891	1063
			1892	1063
			1893	1064
			1894	1064
			1895	1064
			1896	1064
			1897	1064
			1898	1064
			1899	1064
			1900	1064
			1901	1064
			1902	1064
			1903	1064
			1904	1064
			1905	1064
			1906	1064
			1907	1065
			1908	1065
			1909	1065
			1910	1065
			1911	1065
			1912	1065
			1913	1065
			1914	1065
			1915	1065
			1916	1065
			1917	1066
			1918	1066
			1919	1066
			1920	1066
			1921	1066
			1922	1066
			1923	1066
			1924	1066
			1925	1067
			1926	1067
			1927	1067
			1928	1067
			1929	1067
			1930	1067
			1931	1067
			1932	1068
			1933	1068
			1934	1068
			1935	1068
			1936	1068
			1937	1069
			1938	1069
			1939	1069
			1940	1069
			1941	1069
			1942	1069
			1943	1070
			1944	1070
			1945	1070
			1946	1070
			1947	1070
			1948	1071
			1949	1071
			1950	1071
			1951	1071
			1952	1071
			1953	1072
			1954	1072
			1955	1072
			1956	1072
			1957	1073
			1958	1073
			1959	1073
			1960	1073
			1961	1074
			1962	1074
			1963	1074
			1964	1074
			1965	1075
			1966	1075
			1967	1075
			1968	1075
			1969	1076
			1970	1076
			1971	1076
			1972	1076
			1973	1077
			1974	1077
		</Head>
	</curves.pixel>
	<curves.scaled type=list>
		<Head type=matrix rownames=FALSE colnames=FALSE nrow=859 ncol=2 as.numeric=TRUE >
			4.3653256785891	-5.12618349932911
			4.36916839485547	-5.12234078306274
			4.37301111112183	-5.12234078306274
			4.3768538273882	-5.11849806679638
			4.38069654365456	-5.11465535053002
			4.38453925992092	-5.11081263426365
			4.38838197618729	-5.10696991799729
			4.39222469245365	-5.10312720173093
			4.39606740872001	-5.10312720173093
			4.39991012498638	-5.09928448546456
			4.40375284125274	-5.0954417691982
			4.40759555751911	-5.09159905293184
			4.41143827378547	-5.08775633666547
			4.41528099005183	-5.08775633666547
			4.4191237063182	-5.08391362039911
			4.42296642258456	-5.08391362039911
			4.42296642258456	-5.08007090413274
			4.42680913885092	-5.07622818786638
			4.43065185511729	-5.07622818786638
			4.43449457138365	-5.07238547160002
			4.43833728765001	-5.07238547160002
			4.43833728765001	-5.06854275533365
			4.44218000391638	-5.06470003906729
			4.44602272018274	-5.06470003906729
			4.44986543644911	-5.06085732280093
			4.45370815271547	-5.05701460653456
			4.45755086898183	-5.0531718902682
			4.4613935852482	-5.0531718902682
			4.46523630151456	-5.04932917400184
			4.46907901778092	-5.04548645773547
			4.47292173404729	-5.04164374146911
			4.47676445031365	-5.04164374146911
			4.48060716658002	-5.03780102520274
			4.48444988284638	-5.03395830893638
			4.48829259911274	-5.03395830893638
			4.49213531537911	-5.03011559267002
			4.49597803164547	-5.02627287640365
			4.49982074791183	-5.02243016013729
			4.5036634641782	-5.02243016013729
			4.50750618044456	-5.01858744387093
			4.51134889671092	-5.01474472760456
			4.51519161297729	-5.01474472760456
			4.51903432924365	-5.0109020113382
			4.52287704551002	-5.00705929507184
			4.52671976177638	-5.00705929507184
			4.53056247804274	-5.00321657880547
			4.53440519430911	-4.99937386253911
			4.53824791057547	-4.99937386253911
			4.53824791057547	-4.99553114627274
			4.54209062684183	-4.99168843000638
			4.5459333431082	-4.98784571374002
			4.54977605937456	-4.98784571374002
			4.55361877564092	-4.98400299747365
			4.55746149190729	-4.98016028120729
			4.56130420817365	-4.98016028120729
			4.56514692444002	-4.97631756494093
			4.56898964070638	-4.97247484867456
			4.57283235697274	-4.97247484867456
			4.57667507323911	-4.9686321324082
			4.58051778950547	-4.96478941614184
			4.58436050577183	-4.96478941614184
			4.5882032220382	-4.96094669987547
			4.59204593830456	-4.95710398360911
			4.59588865457092	-4.95710398360911
			4.59973137083729	-4.95326126734274
			4.60357408710365	-4.94941855107638
			4.60741680337002	-4.94941855107638
			4.61125951963638	-4.94557583481002
			4.61510223590274	-4.94173311854365
			4.61894495216911	-4.94173311854365
			4.62278766843547	-4.93789040227729
			4.62663038470183	-4.93404768601093
			4.6304731009682	-4.93404768601093
			4.63431581723456	-4.93020496974456
			4.63815853350092	-4.9263622534782
			4.64200124976729	-4.9263622534782
			4.64584396603365	-4.92251953721183
			4.64968668230002	-4.91867682094547
			4.65352939856638	-4.91867682094547
			4.65737211483274	-4.91483410467911
			4.66121483109911	-4.91483410467911
			4.66505754736547	-4.91099138841274
			4.66890026363183	-4.90714867214638
			4.6727429798982	-4.90714867214638
			4.67658569616456	-4.90330595588002
			4.68042841243093	-4.89946323961365
			4.68427112869729	-4.89946323961365
			4.68811384496365	-4.89562052334729
			4.69195656123002	-4.89177780708093
			4.69579927749638	-4.89177780708093
			4.69964199376274	-4.88793509081456
			4.70348471002911	-4.88793509081456
			4.70732742629547	-4.8840923745482
			4.71117014256183	-4.88024965828183
			4.7150128588282	-4.88024965828183
			4.71885557509456	-4.87640694201547
			4.72269829136093	-4.87256422574911
			4.72654100762729	-4.87256422574911
			4.73038372389365	-4.86872150948274
			4.73422644016002	-4.86872150948274
			4.73806915642638	-4.86487879321638
			4.74191187269274	-4.86103607695002
			4.74575458895911	-4.86103607695002
			4.74959730522547	-4.85719336068365
			4.75344002149183	-4.85335064441729
			4.7572827377582	-4.85335064441729
			4.76112545402456	-4.84950792815093
			4.76496817029093	-4.84950792815093
			4.76881088655729	-4.84566521188456
			4.77265360282365	-4.8418224956182
			4.77649631909002	-4.8418224956182
			4.78033903535638	-4.83797977935183
			4.78418175162274	-4.83797977935183
			4.78802446788911	-4.83413706308547
			4.79186718415547	-4.83029434681911
			4.79570990042183	-4.83029434681911
			4.7995526166882	-4.82645163055274
			4.80339533295456	-4.82645163055274
			4.80723804922093	-4.82260891428638
			4.81108076548729	-4.82260891428638
			4.81492348175365	-4.81876619802002
			4.81876619802002	-4.81492348175365
			4.82260891428638	-4.81492348175365
			4.82645163055274	-4.81108076548729
			4.83029434681911	-4.81108076548729
			4.83413706308547	-4.80723804922093
			4.83797977935183	-4.80723804922093
			4.8418224956182	-4.80339533295456
			4.84566521188456	-4.80339533295456
			4.84950792815093	-4.7995526166882
			4.85335064441729	-4.7995526166882
			4.85719336068365	-4.79570990042183
			4.86103607695002	-4.79186718415547
			4.86487879321638	-4.79186718415547
			4.86872150948274	-4.78802446788911
			4.87256422574911	-4.78802446788911
			4.87640694201547	-4.78418175162274
			4.88024965828183	-4.78033903535638
			4.8840923745482	-4.78033903535638
			4.88793509081456	-4.77649631909002
			4.89177780708093	-4.77649631909002
			4.89562052334729	-4.77265360282365
			4.89946323961365	-4.77265360282365
			4.90330595588002	-4.76881088655729
			4.90714867214638	-4.76881088655729
			4.91099138841274	-4.76496817029093
			4.91483410467911	-4.76496817029093
			4.91867682094547	-4.76112545402456
			4.92251953721183	-4.76112545402456
			4.9263622534782	-4.7572827377582
			4.93020496974456	-4.7572827377582
			4.93404768601093	-4.75344002149183
			4.93789040227729	-4.75344002149183
			4.94173311854365	-4.74959730522547
			4.94557583481002	-4.74959730522547
			4.94557583481002	-4.74575458895911
			4.94941855107638	-4.74575458895911
			4.95326126734274	-4.74191187269274
			4.95710398360911	-4.74191187269274
			4.96094669987547	-4.73806915642638
			4.96478941614184	-4.73806915642638
			4.9686321324082	-4.73422644016002
			4.97247484867456	-4.73422644016002
			4.97631756494093	-4.73038372389365
			4.98016028120729	-4.73038372389365
			4.98400299747365	-4.72654100762729
			4.98784571374002	-4.72654100762729
			4.99168843000638	-4.72269829136093
			4.99553114627274	-4.72269829136093
			4.99937386253911	-4.71885557509456
			5.00321657880547	-4.71885557509456
			5.00705929507184	-4.7150128588282
			5.0109020113382	-4.7150128588282
			5.01474472760456	-4.71117014256183
			5.01858744387093	-4.71117014256183
			5.01858744387093	-4.70732742629547
			5.02243016013729	-4.70732742629547
			5.02627287640365	-4.70732742629547
			5.03011559267002	-4.70348471002911
			5.03395830893638	-4.70348471002911
			5.03780102520274	-4.69964199376274
			5.04164374146911	-4.69964199376274
			5.04548645773547	-4.69579927749638
			5.04932917400184	-4.69579927749638
			5.0531718902682	-4.69195656123002
			5.05701460653456	-4.69195656123002
			5.06085732280093	-4.68811384496365
			5.06470003906729	-4.68811384496365
			5.06854275533365	-4.68427112869729
			5.07238547160002	-4.68427112869729
			5.07622818786638	-4.68042841243093
			5.08007090413274	-4.68042841243093
			5.08391362039911	-4.68042841243093
			5.08775633666547	-4.67658569616456
			5.09159905293184	-4.67658569616456
			5.0954417691982	-4.6727429798982
			5.09928448546456	-4.6727429798982
			5.10312720173093	-4.66890026363183
			5.10696991799729	-4.66890026363183
			5.11081263426365	-4.66505754736547
			5.11465535053002	-4.66505754736547
			5.11849806679638	-4.66121483109911
			5.12234078306274	-4.66121483109911
			5.12618349932911	-4.66121483109911
			5.12618349932911	-4.65737211483274
			5.13002621559547	-4.65737211483274
			5.13386893186184	-4.65352939856638
			5.1377116481282	-4.65352939856638
			5.14155436439456	-4.64968668230002
			5.14539708066093	-4.64968668230002
			5.14923979692729	-4.64968668230002
			5.15308251319365	-4.64584396603365
			5.15692522946002	-4.64584396603365
			5.16076794572638	-4.64200124976729
			5.16461066199274	-4.64200124976729
			5.16845337825911	-4.63815853350092
			5.17229609452547	-4.63815853350092
			5.17613881079184	-4.63431581723456
			5.1799815270582	-4.63431581723456
			5.18382424332456	-4.63431581723456
			5.18766695959093	-4.6304731009682
			5.19150967585729	-4.6304731009682
			5.19535239212365	-4.62663038470183
			5.19919510839002	-4.62663038470183
			5.20303782465638	-4.62278766843547
			5.20688054092274	-4.62278766843547
			5.21072325718911	-4.62278766843547
			5.21456597345547	-4.61894495216911
			5.21840868972184	-4.61894495216911
			5.2222514059882	-4.61510223590274
			5.22609412225456	-4.61510223590274
			5.22993683852093	-4.61510223590274
			5.23377955478729	-4.61125951963638
			5.23762227105365	-4.61125951963638
			5.24146498732002	-4.60741680337002
			5.24530770358638	-4.60741680337002
			5.24915041985274	-4.60357408710365
			5.25299313611911	-4.60357408710365
			5.25683585238547	-4.60357408710365
			5.26067856865184	-4.59973137083729
			5.2645212849182	-4.59973137083729
			5.26836400118456	-4.59588865457092
			5.27220671745093	-4.59588865457092
			5.27604943371729	-4.59588865457092
			5.27989214998365	-4.59204593830456
			5.28373486625002	-4.59204593830456
			5.28757758251638	-4.5882032220382
			5.29142029878274	-4.5882032220382
			5.29526301504911	-4.5882032220382
			5.29910573131547	-4.58436050577183
			5.30294844758184	-4.58436050577183
			5.3067911638482	-4.58051778950547
			5.31063388011456	-4.58051778950547
			5.31447659638093	-4.58051778950547
			5.31831931264729	-4.57667507323911
			5.32216202891365	-4.57667507323911
			5.32600474518002	-4.57283235697274
			5.32984746144638	-4.57283235697274
			5.33369017771275	-4.57283235697274
			5.33753289397911	-4.56898964070638
			5.34137561024547	-4.56898964070638
			5.34521832651184	-4.56898964070638
			5.3490610427782	-4.56514692444002
			5.35290375904456	-4.56514692444002
			5.35674647531093	-4.56130420817365
			5.36058919157729	-4.56130420817365
			5.36443190784365	-4.56130420817365
			5.36827462411002	-4.55746149190729
			5.37211734037638	-4.55746149190729
			5.37596005664275	-4.55361877564092
			5.37980277290911	-4.55361877564092
			5.38364548917547	-4.55361877564092
			5.38748820544184	-4.54977605937456
			5.3913309217082	-4.54977605937456
			5.39517363797456	-4.54977605937456
			5.39901635424093	-4.5459333431082
			5.40285907050729	-4.5459333431082
			5.40670178677366	-4.5459333431082
			5.41054450304002	-4.54209062684183
			5.41438721930638	-4.54209062684183
			5.41822993557275	-4.53824791057547
			5.42207265183911	-4.53824791057547
			5.42591536810547	-4.53824791057547
			5.42975808437184	-4.53440519430911
			5.4336008006382	-4.53440519430911
			5.43744351690456	-4.53440519430911
			5.44128623317093	-4.53056247804274
			5.44512894943729	-4.53056247804274
			5.44897166570366	-4.53056247804274
			5.45281438197002	-4.52671976177638
			5.45665709823638	-4.52671976177638
			5.46049981450275	-4.52671976177638
			5.46434253076911	-4.52287704551002
			5.46818524703547	-4.52287704551002
			5.47202796330184	-4.52287704551002
			5.4758706795682	-4.51903432924365
			5.47971339583456	-4.51903432924365
			5.48355611210093	-4.51903432924365
			5.48739882836729	-4.51519161297729
			5.49124154463366	-4.51519161297729
			5.49508426090002	-4.51519161297729
			5.49508426090002	-4.51134889671092
			5.49892697716638	-4.51134889671092
			5.50276969343275	-4.51134889671092
			5.50661240969911	-4.51134889671092
			5.51045512596547	-4.50750618044456
			5.51429784223184	-4.50750618044456
			5.5181405584982	-4.50750618044456
			5.52198327476456	-4.5036634641782
			5.52582599103093	-4.5036634641782
			5.52966870729729	-4.5036634641782
			5.53351142356366	-4.49982074791183
			5.53735413983002	-4.49982074791183
			5.54119685609638	-4.49982074791183
			5.54503957236275	-4.49597803164547
			5.54888228862911	-4.49597803164547
			5.55272500489547	-4.49597803164547
			5.55656772116184	-4.49213531537911
			5.5604104374282	-4.49213531537911
			5.56425315369456	-4.49213531537911
			5.56809586996093	-4.49213531537911
			5.56809586996093	-4.48829259911274
			5.57193858622729	-4.48829259911274
			5.57578130249366	-4.48829259911274
			5.57962401876002	-4.48829259911274
			5.58346673502638	-4.48444988284638
			5.58730945129275	-4.48444988284638
			5.59115216755911	-4.48444988284638
			5.59499488382547	-4.48060716658002
			5.59883760009184	-4.48060716658002
			5.6026803163582	-4.48060716658002
			5.60652303262456	-4.47676445031365
			5.61036574889093	-4.47676445031365
			5.61420846515729	-4.47676445031365
			5.61805118142366	-4.47676445031365
			5.62189389769002	-4.47292173404729
			5.62573661395638	-4.47292173404729
			5.62957933022275	-4.47292173404729
			5.62957933022275	-4.46907901778092
			5.63342204648911	-4.46907901778092
			5.63726476275547	-4.46907901778092
			5.64110747902184	-4.46907901778092
			5.6449501952882	-4.46523630151456
			5.64879291155456	-4.46523630151456
			5.65263562782093	-4.46523630151456
			5.65647834408729	-4.46523630151456
			5.66032106035366	-4.4613935852482
			5.66416377662002	-4.4613935852482
			5.66800649288638	-4.4613935852482
			5.67184920915275	-4.45755086898183
			5.67569192541911	-4.45755086898183
			5.67953464168547	-4.45755086898183
			5.68337735795184	-4.45755086898183
			5.6872200742182	-4.45370815271547
			5.69106279048456	-4.45370815271547
			5.69490550675093	-4.45370815271547
			5.69874822301729	-4.45370815271547
			5.70259093928366	-4.44986543644911
			5.70643365555002	-4.44986543644911
			5.71027637181638	-4.44986543644911
			5.71411908808275	-4.44602272018274
			5.71796180434911	-4.44602272018274
			5.72180452061547	-4.44602272018274
			5.72564723688184	-4.44602272018274
			5.7294899531482	-4.44218000391638
			5.73333266941456	-4.44218000391638
			5.73717538568093	-4.44218000391638
			5.74101810194729	-4.43833728765001
			5.74486081821366	-4.43833728765001
			5.74870353448002	-4.43833728765001
			5.75254625074638	-4.43833728765001
			5.75638896701275	-4.43449457138365
			5.76023168327911	-4.43449457138365
			5.76407439954547	-4.43449457138365
			5.76791711581184	-4.43449457138365
			5.7717598320782	-4.43065185511729
			5.77560254834457	-4.43065185511729
			5.77944526461093	-4.43065185511729
			5.78328798087729	-4.43065185511729
			5.78713069714366	-4.42680913885092
			5.79097341341002	-4.42680913885092
			5.79481612967638	-4.42680913885092
			5.79865884594275	-4.42680913885092
			5.80250156220911	-4.42296642258456
			5.80634427847547	-4.42296642258456
			5.81018699474184	-4.42296642258456
			5.8140297110082	-4.42296642258456
			5.81787242727457	-4.4191237063182
			5.82171514354093	-4.4191237063182
			5.82555785980729	-4.4191237063182
			5.82940057607366	-4.4191237063182
			5.83324329234002	-4.41528099005183
			5.83708600860638	-4.41528099005183
			5.84092872487275	-4.41528099005183
			5.84477144113911	-4.41528099005183
			5.84861415740547	-4.41143827378547
			5.85245687367184	-4.41143827378547
			5.8562995899382	-4.41143827378547
			5.86014230620457	-4.41143827378547
			5.86398502247093	-4.41143827378547
			5.86782773873729	-4.40759555751911
			5.87167045500366	-4.40759555751911
			5.87551317127002	-4.40759555751911
			5.87935588753638	-4.40759555751911
			5.88319860380275	-4.40375284125274
			5.88704132006911	-4.40375284125274
			5.89088403633547	-4.40375284125274
			5.89472675260184	-4.40375284125274
			5.8985694688682	-4.40375284125274
			5.90241218513457	-4.39991012498638
			5.90625490140093	-4.39991012498638
			5.91009761766729	-4.39991012498638
			5.91394033393366	-4.39991012498638
			5.91778305020002	-4.39991012498638
			5.91778305020002	-4.39606740872001
			5.92162576646638	-4.39606740872001
			5.92546848273275	-4.39606740872001
			5.92931119899911	-4.39606740872001
			5.93315391526547	-4.39606740872001
			5.93699663153184	-4.39222469245365
			5.9408393477982	-4.39222469245365
			5.94468206406457	-4.39222469245365
			5.94852478033093	-4.39222469245365
			5.95236749659729	-4.39222469245365
			5.95621021286366	-4.38838197618729
			5.96005292913002	-4.38838197618729
			5.96389564539638	-4.38838197618729
			5.96773836166275	-4.38838197618729
			5.97158107792911	-4.38838197618729
			5.97542379419547	-4.38453925992092
			5.97926651046184	-4.38453925992092
			5.9831092267282	-4.38453925992092
			5.98695194299457	-4.38453925992092
			5.99079465926093	-4.38453925992092
			5.99079465926093	-4.38069654365456
			5.99463737552729	-4.38069654365456
			5.99848009179366	-4.38069654365456
			6.00232280806002	-4.38069654365456
			6.00616552432638	-4.38069654365456
			6.01000824059275	-4.38069654365456
			6.01385095685911	-4.3768538273882
			6.01769367312547	-4.3768538273882
			6.02153638939184	-4.3768538273882
			6.0253791056582	-4.3768538273882
			6.02922182192457	-4.3768538273882
			6.03306453819093	-4.37301111112183
			6.03690725445729	-4.37301111112183
			6.04074997072366	-4.37301111112183
			6.04459268699002	-4.37301111112183
			6.04843540325638	-4.37301111112183
			6.05227811952275	-4.37301111112183
			6.05227811952275	-4.36916839485547
			6.05612083578911	-4.36916839485547
			6.05996355205547	-4.36916839485547
			6.06380626832184	-4.36916839485547
			6.0676489845882	-4.36916839485547
			6.07149170085457	-4.36916839485547
			6.07533441712093	-4.3653256785891
			6.07917713338729	-4.3653256785891
			6.08301984965366	-4.3653256785891
			6.08686256592002	-4.3653256785891
			6.09070528218638	-4.3653256785891
			6.09454799845275	-4.3653256785891
			6.09839071471911	-4.36148296232274
			6.10223343098547	-4.36148296232274
			6.10607614725184	-4.36148296232274
			6.1099188635182	-4.36148296232274
			6.11376157978457	-4.36148296232274
			6.11760429605093	-4.35764024605638
			6.12144701231729	-4.35764024605638
			6.12528972858366	-4.35764024605638
			6.12913244485002	-4.35764024605638
			6.13297516111638	-4.35764024605638
			6.13681787738275	-4.35764024605638
			6.14066059364911	-4.35764024605638
			6.14066059364911	-4.35379752979001
			6.14450330991548	-4.35379752979001
			6.14834602618184	-4.35379752979001
			6.1521887424482	-4.35379752979001
			6.15603145871457	-4.35379752979001
			6.15987417498093	-4.35379752979001
			6.16371689124729	-4.35379752979001
			6.16755960751366	-4.34995481352365
			6.17140232378002	-4.34995481352365
			6.17524504004638	-4.34995481352365
			6.17908775631275	-4.34995481352365
			6.18293047257911	-4.34995481352365
			6.18677318884548	-4.34995481352365
			6.19061590511184	-4.34611209725729
			6.1944586213782	-4.34611209725729
			6.19830133764457	-4.34611209725729
			6.20214405391093	-4.34611209725729
			6.20598677017729	-4.34611209725729
			6.20598677017729	-4.34226938099092
			6.20982948644366	-4.34226938099092
			6.21367220271002	-4.34226938099092
			6.21751491897638	-4.33842666472456
			6.22135763524275	-4.33842666472456
			6.22520035150911	-4.3345839484582
			6.22904306777548	-4.33074123219183
			6.23288578404184	-4.33074123219183
			6.2367285003082	-4.33074123219183
			6.24057121657457	-4.32689851592547
			6.24441393284093	-4.32689851592547
			6.24825664910729	-4.3230557996591
			6.25209936537366	-4.3230557996591
			6.25594208164002	-4.31921308339274
			6.25978479790639	-4.31921308339274
			6.26362751417275	-4.31537036712638
			6.26747023043911	-4.31537036712638
			6.27131294670548	-4.31152765086001
			6.27515566297184	-4.31152765086001
			6.2789983792382	-4.30768493459365
			6.28284109550457	-4.30768493459365
			6.28668381177093	-4.30768493459365
			6.28668381177093	-4.30384221832729
			6.29052652803729	-4.30384221832729
			6.29436924430366	-4.30384221832729
			6.29821196057002	-4.29999950206092
			6.30205467683639	-4.29999950206092
			6.30589739310275	-4.29615678579456
			6.30974010936911	-4.29615678579456
			6.31358282563548	-4.29615678579456
			6.31358282563548	-4.2923140695282
			6.31742554190184	-4.2923140695282
			6.3212682581682	-4.2923140695282
			6.32511097443457	-4.28847135326183
			6.32895369070093	-4.28847135326183
			6.33279640696729	-4.28462863699547
			6.33663912323366	-4.28462863699547
			6.34048183950002	-4.2807859207291
			6.34432455576639	-4.2807859207291
			6.34816727203275	-4.2807859207291
			6.34816727203275	-4.27694320446274
			6.35200998829911	-4.27694320446274
			6.35585270456548	-4.27694320446274
			6.35969542083184	-4.27310048819638
			6.3635381370982	-4.27310048819638
			6.36738085336457	-4.26925777193001
			6.37122356963093	-4.26925777193001
			6.3750662858973	-4.26925777193001
			6.37890900216366	-4.26541505566365
			6.38275171843002	-4.26541505566365
			6.38659443469639	-4.26157233939729
			6.39043715096275	-4.26157233939729
			6.39427986722911	-4.25772962313092
			6.39812258349548	-4.25772962313092
			6.40196529976184	-4.25772962313092
			6.4058080160282	-4.25388690686456
			6.40965073229457	-4.25388690686456
			6.41349344856093	-4.2500441905982
			6.4173361648273	-4.2500441905982
			6.42117888109366	-4.2500441905982
			6.42502159736002	-4.24620147433183
			6.42886431362639	-4.24620147433183
			6.43270702989275	-4.24620147433183
			6.43654974615911	-4.24235875806547
			6.44039246242548	-4.24235875806547
			6.44423517869184	-4.2385160417991
			6.4480778949582	-4.2385160417991
			6.45192061122457	-4.23467332553274
			6.45576332749093	-4.23467332553274
			6.4596060437573	-4.23467332553274
			6.46344876002366	-4.23083060926638
			6.46729147629002	-4.23083060926638
			6.47113419255639	-4.23083060926638
			6.47497690882275	-4.22698789300001
			6.47881962508911	-4.22698789300001
			6.48266234135548	-4.22698789300001
			6.48650505762184	-4.22314517673365
			6.4903477738882	-4.22314517673365
			6.49419049015457	-4.21930246046729
			6.49803320642093	-4.21930246046729
			6.5018759226873	-4.21930246046729
			6.50571863895366	-4.21545974420092
			6.50956135522002	-4.21545974420092
			6.51340407148639	-4.21545974420092
			6.51724678775275	-4.21161702793456
			6.52108950401911	-4.21161702793456
			6.52493222028548	-4.21161702793456
			6.52493222028548	-4.2077743116682
			6.52877493655184	-4.2077743116682
			6.5326176528182	-4.2077743116682
			6.53646036908457	-4.20393159540183
			6.54030308535093	-4.20393159540183
			6.5441458016173	-4.20393159540183
			6.54798851788366	-4.20008887913547
			6.55183123415002	-4.20008887913547
			6.55567395041639	-4.20008887913547
			6.55951666668275	-4.1962461628691
			6.56335938294911	-4.1962461628691
			6.56720209921548	-4.1962461628691
			6.57104481548184	-4.1962461628691
			6.57104481548184	-4.19240344660274
			6.5748875317482	-4.19240344660274
			6.57873024801457	-4.19240344660274
			6.58257296428093	-4.18856073033638
			6.5864156805473	-4.18856073033638
			6.59025839681366	-4.18856073033638
			6.59410111308002	-4.18471801407001
			6.59794382934639	-4.18471801407001
			6.60178654561275	-4.18471801407001
			6.60562926187911	-4.18471801407001
			6.60947197814548	-4.18087529780365
			6.61331469441184	-4.18087529780365
			6.6171574106782	-4.17703258153729
			6.62100012694457	-4.17703258153729
			6.62484284321093	-4.17703258153729
			6.6286855594773	-4.17703258153729
			6.63252827574366	-4.17318986527092
			6.63637099201002	-4.17318986527092
			6.64021370827639	-4.17318986527092
			6.64405642454275	-4.16934714900456
			6.64789914080911	-4.16934714900456
			6.65174185707548	-4.16934714900456
			6.65558457334184	-4.1655044327382
			6.6594272896082	-4.1655044327382
			6.66327000587457	-4.1655044327382
			6.66711272214093	-4.1655044327382
			6.6709554384073	-4.16166171647183
			6.67479815467366	-4.16166171647183
			6.67864087094002	-4.16166171647183
			6.68248358720639	-4.16166171647183
			6.68248358720639	-4.15781900020547
			6.68632630347275	-4.15781900020547
			6.69016901973911	-4.15781900020547
			6.69401173600548	-4.15781900020547
			6.69785445227184	-4.1539762839391
			6.7016971685382	-4.1539762839391
			6.70553988480457	-4.1539762839391
			6.70938260107093	-4.1539762839391
			6.7132253173373	-4.15013356767274
			6.71706803360366	-4.15013356767274
			6.72091074987002	-4.15013356767274
			6.72475346613639	-4.15013356767274
			6.72859618240275	-4.14629085140638
			6.73243889866911	-4.14629085140638
			6.73628161493548	-4.14629085140638
			6.74012433120184	-4.14244813514001
			6.7439670474682	-4.14244813514001
			6.74780976373457	-4.14244813514001
			6.75165248000093	-4.14244813514001
			6.7554951962673	-4.13860541887365
			6.75933791253366	-4.13860541887365
			6.76318062880002	-4.13860541887365
			6.76702334506639	-4.13860541887365
			6.77086606133275	-4.13476270260729
			6.77470877759911	-4.13476270260729
			6.77855149386548	-4.13476270260729
			6.78239421013184	-4.13476270260729
			6.7862369263982	-4.13476270260729
			6.79007964266457	-4.13091998634092
			6.79392235893093	-4.13091998634092
			6.7977650751973	-4.13091998634092
			6.80160779146366	-4.13091998634092
			6.80545050773002	-4.12707727007456
			6.80929322399639	-4.12707727007456
			6.81313594026275	-4.12707727007456
			6.81697865652911	-4.12707727007456
			6.82082137279548	-4.1232345538082
			6.82466408906184	-4.1232345538082
			6.8285068053282	-4.1232345538082
			6.83234952159457	-4.1232345538082
			6.83619223786093	-4.1232345538082
			6.8400349541273	-4.11939183754183
			6.84387767039366	-4.11939183754183
			6.84772038666002	-4.11939183754183
			6.85156310292639	-4.11939183754183
			6.85540581919275	-4.11939183754183
			6.85924853545911	-4.11554912127547
			6.86309125172548	-4.11554912127547
			6.86693396799184	-4.11554912127547
			6.8707766842582	-4.11554912127547
			6.87461940052457	-4.11554912127547
			6.87846211679093	-4.11554912127547
			6.8823048330573	-4.1117064050091
			6.88614754932366	-4.1117064050091
			6.88999026559002	-4.1117064050091
			6.89383298185639	-4.1117064050091
			6.89767569812275	-4.1117064050091
			6.90151841438911	-4.1117064050091
			6.90536113065548	-4.10786368874274
			6.90920384692184	-4.10786368874274
			6.9130465631882	-4.10786368874274
			6.91688927945457	-4.10786368874274
			6.92073199572093	-4.10786368874274
			6.9245747119873	-4.10786368874274
			6.92841742825366	-4.10402097247638
			6.93226014452002	-4.10402097247638
			6.93610286078639	-4.10402097247638
			6.93994557705275	-4.10402097247638
			6.94378829331911	-4.10402097247638
			6.94763100958548	-4.10402097247638
			6.95147372585184	-4.10017825621001
			6.9553164421182	-4.10017825621001
			6.95915915838457	-4.10017825621001
			6.96300187465093	-4.10017825621001
			6.9668445909173	-4.10017825621001
			6.97068730718366	-4.10017825621001
			6.97453002345002	-4.10017825621001
			6.97837273971639	-4.10017825621001
			6.98221545598275	-4.09633553994365
			6.98605817224911	-4.09633553994365
			6.98990088851548	-4.09633553994365
			6.99374360478184	-4.09633553994365
			6.99758632104821	-4.09633553994365
			7.00142903731457	-4.09633553994365
			7.00527175358093	-4.09633553994365
			7.0091144698473	-4.09633553994365
			7.01295718611366	-4.09249282367729
			7.01679990238002	-4.09249282367729
			7.02064261864639	-4.09249282367729
			7.02448533491275	-4.09249282367729
			7.02832805117911	-4.09249282367729
			7.03217076744548	-4.09249282367729
			7.03601348371184	-4.09249282367729
			7.03985619997821	-4.09249282367729
			7.04369891624457	-4.09249282367729
			7.04754163251093	-4.09249282367729
			7.0513843487773	-4.09249282367729
			7.05522706504366	-4.08865010741092
			7.05906978131002	-4.08865010741092
			7.06291249757639	-4.08865010741092
			7.06675521384275	-4.08865010741092
			7.07059793010911	-4.08865010741092
			7.07444064637548	-4.08865010741092
			7.07828336264184	-4.08865010741092
			7.08212607890821	-4.08865010741092
			7.08596879517457	-4.08865010741092
			7.08981151144093	-4.08865010741092
			7.0936542277073	-4.08865010741092
			7.09749694397366	-4.08865010741092
			7.10133966024002	-4.08865010741092
			7.10518237650639	-4.08865010741092
			7.10902509277275	-4.08480739114456
			7.11286780903912	-4.08480739114456
			7.11671052530548	-4.08480739114456
			7.12055324157184	-4.08480739114456
			7.12439595783821	-4.08480739114456
			7.12823867410457	-4.08480739114456
			7.13208139037093	-4.08480739114456
			7.1359241066373	-4.08480739114456
			7.13976682290366	-4.08480739114456
			7.14360953917002	-4.08480739114456
			7.14745225543639	-4.08480739114456
			7.15129497170275	-4.08480739114456
			7.15513768796912	-4.08480739114456
			7.15898040423548	-4.08480739114456
			7.16282312050184	-4.08480739114456
			7.16666583676821	-4.08480739114456
			7.17050855303457	-4.08480739114456
			7.17435126930093	-4.08480739114456
			7.1781939855673	-4.08480739114456
			7.18203670183366	-4.08480739114456
			7.18587941810002	-4.08480739114456
			7.18972213436639	-4.08480739114456
			7.19356485063275	-4.08480739114456
			7.19740756689912	-4.08480739114456
			7.20125028316548	-4.08480739114456
			7.20509299943184	-4.08480739114456
			7.20893571569821	-4.08480739114456
			7.21277843196457	-4.08480739114456
			7.21662114823093	-4.08480739114456
			7.2204638644973	-4.08480739114456
			7.22430658076366	-4.08480739114456
			7.22814929703002	-4.08480739114456
			7.23199201329639	-4.08480739114456
			7.23583472956275	-4.08480739114456
			7.23967744582912	-4.08480739114456
			7.24352016209548	-4.08480739114456
			7.24736287836184	-4.08480739114456
			7.25120559462821	-4.08480739114456
			7.25504831089457	-4.08480739114456
			7.25889102716093	-4.08480739114456
			7.2627337434273	-4.08480739114456
			7.26657645969366	-4.08480739114456
			7.27041917596002	-4.08480739114456
			7.27426189222639	-4.08865010741092
			7.27810460849275	-4.08865010741092
			7.28194732475912	-4.08865010741092
			7.28579004102548	-4.08865010741092
			7.28963275729184	-4.08865010741092
			7.29347547355821	-4.08865010741092
			7.29731818982457	-4.08865010741092
			7.30116090609093	-4.08865010741092
			7.3050036223573	-4.08865010741092
			7.30884633862366	-4.08865010741092
			7.31268905489002	-4.08865010741092
			7.31653177115639	-4.08865010741092
			7.32037448742275	-4.08865010741092
			7.32421720368912	-4.08865010741092
			7.32805991995548	-4.09249282367729
			7.33190263622184	-4.09249282367729
			7.33574535248821	-4.09249282367729
			7.33958806875457	-4.09249282367729
			7.34343078502093	-4.09249282367729
			7.3472735012873	-4.09249282367729
			7.35111621755366	-4.09249282367729
			7.35495893382002	-4.09249282367729
			7.35880165008639	-4.09249282367729
			7.36264436635275	-4.09249282367729
			7.36648708261912	-4.09633553994365
			7.37032979888548	-4.09633553994365
			7.37417251515184	-4.09633553994365
			7.37801523141821	-4.09633553994365
			7.38185794768457	-4.09633553994365
			7.38570066395093	-4.09633553994365
			7.3895433802173	-4.09633553994365
			7.39338609648366	-4.09633553994365
			7.39722881275002	-4.10017825621001
			7.40107152901639	-4.10017825621001
			7.40491424528275	-4.10017825621001
			7.40875696154912	-4.10017825621001
			7.41259967781548	-4.10017825621001
			7.41644239408184	-4.10017825621001
			7.42028511034821	-4.10017825621001
			7.42412782661457	-4.10402097247638
			7.42797054288093	-4.10402097247638
			7.4318132591473	-4.10402097247638
			7.43565597541366	-4.10402097247638
			7.43949869168003	-4.10402097247638
			7.44334140794639	-4.10786368874274
			7.44718412421275	-4.10786368874274
			7.45102684047912	-4.10786368874274
			7.45486955674548	-4.10786368874274
			7.45871227301184	-4.10786368874274
			7.46255498927821	-4.10786368874274
			7.46639770554457	-4.1117064050091
			7.47024042181093	-4.1117064050091
			7.4740831380773	-4.1117064050091
			7.47792585434366	-4.1117064050091
			7.48176857061003	-4.1117064050091
			7.48561128687639	-4.11554912127547
			7.48945400314275	-4.11554912127547
			7.49329671940912	-4.11554912127547
			7.49713943567548	-4.11554912127547
			7.50098215194184	-4.11554912127547
			7.50482486820821	-4.11939183754183
			7.50866758447457	-4.11939183754183
			7.51251030074093	-4.11939183754183
			7.5163530170073	-4.11939183754183
			7.52019573327366	-4.1232345538082
			7.52403844954003	-4.1232345538082
			7.52788116580639	-4.1232345538082
			7.53172388207275	-4.1232345538082
			7.53556659833912	-4.12707727007456
			7.53940931460548	-4.12707727007456
			7.54325203087184	-4.12707727007456
			7.54709474713821	-4.12707727007456
			7.55093746340457	-4.13091998634092
			7.55478017967094	-4.13091998634092
			7.5586228959373	-4.13091998634092
			7.56246561220366	-4.13091998634092
			7.56630832847003	-4.13476270260729
			7.57015104473639	-4.13476270260729
			7.57399376100275	-4.13476270260729
			7.57783647726912	-4.13476270260729
			7.58167919353548	-4.13860541887365
			7.58552190980184	-4.13860541887365
		</Head>
	</curves.scaled>
	<ruler.points type=matrix rownames=TRUE colnames=FALSE nrow=2 ncol=2 as.numeric=TRUE >
		Ruler point 1	3243	649
		Ruler point 2	3254	909
	</ruler.points>
</shapes>

