<shapes type=list>
	<ruler.pixel type=vector names=FALSE length=1 as.numeric=TRUE >236</ruler.pixel>
	<ruler.interval type=vector names=FALSE length=1 as.numeric=TRUE >10</ruler.interval>
	<scaling.units type=vector names=FALSE length=1 as.numeric=FALSE >mm</scaling.units>
	<scaling type=vector names=FALSE length=1 as.numeric=TRUE >0.0423728813559322</scaling>
	<landmarks.pixel type=matrix rownames=TRUE colnames=FALSE nrow=5 ncol=2 as.numeric=TRUE >
		LM1	1079	1309
		LM2	1846	937
		LM3	2577	1087
		LM4	2607	1375
		LM5	1375	1533
	</landmarks.pixel>
	<landmarks.scaled type=matrix rownames=TRUE colnames=FALSE nrow=5 ncol=2 as.numeric=TRUE >
		LM1	45.7203389830508	-55.4661016949153
		LM2	78.2203389830508	-39.7033898305085
		LM3	109.194915254237	-46.0593220338983
		LM4	110.466101694915	-58.2627118644068
		LM5	58.2627118644068	-64.9576271186441
	</landmarks.scaled>
	<curves.control type=list>
		<Head type=matrix rownames=FALSE colnames=FALSE nrow=5 ncol=2 as.numeric=TRUE >
			1079	1309
			1223	1153
			1543	1016
			1686	926
			1846	937
		</Head>
	</curves.control>
	<curves.pixel type=list>
		<Head type=matrix rownames=FALSE colnames=FALSE nrow=805 ncol=2 as.numeric=TRUE >
			1079	1309
			1080	1308
			1081	1307
			1082	1306
			1083	1305
			1083	1304
			1084	1303
			1085	1303
			1086	1302
			1087	1301
			1087	1300
			1088	1299
			1089	1298
			1090	1297
			1091	1297
			1092	1296
			1092	1295
			1093	1294
			1094	1293
			1095	1292
			1096	1291
			1097	1291
			1098	1290
			1098	1289
			1099	1288
			1100	1287
			1101	1286
			1102	1285
			1103	1285
			1104	1284
			1104	1283
			1105	1282
			1106	1281
			1107	1280
			1108	1280
			1109	1279
			1110	1278
			1111	1277
			1112	1276
			1112	1275
			1113	1274
			1114	1274
			1115	1273
			1116	1272
			1117	1271
			1118	1270
			1119	1269
			1120	1268
			1121	1268
			1122	1267
			1122	1266
			1123	1265
			1124	1264
			1125	1263
			1126	1263
			1127	1262
			1128	1261
			1129	1260
			1130	1259
			1131	1258
			1132	1258
			1133	1257
			1134	1256
			1135	1255
			1136	1254
			1137	1253
			1138	1252
			1139	1252
			1140	1251
			1141	1250
			1142	1249
			1143	1248
			1144	1247
			1145	1247
			1146	1246
			1147	1245
			1148	1244
			1149	1243
			1150	1242
			1151	1242
			1152	1241
			1153	1240
			1154	1239
			1155	1238
			1156	1237
			1157	1237
			1158	1236
			1159	1235
			1160	1234
			1161	1233
			1162	1232
			1163	1232
			1164	1231
			1165	1230
			1166	1229
			1167	1228
			1168	1227
			1169	1227
			1170	1226
			1171	1225
			1172	1224
			1173	1223
			1174	1222
			1175	1222
			1176	1221
			1177	1221
			1177	1220
			1178	1220
			1179	1219
			1180	1218
			1181	1217
			1182	1217
			1183	1216
			1184	1215
			1185	1214
			1186	1213
			1187	1213
			1188	1212
			1189	1211
			1190	1211
			1191	1210
			1192	1209
			1193	1208
			1194	1208
			1195	1207
			1196	1206
			1197	1206
			1198	1205
			1199	1204
			1200	1203
			1201	1203
			1202	1202
			1203	1201
			1204	1200
			1205	1199
			1206	1199
			1207	1198
			1208	1197
			1209	1196
			1210	1196
			1211	1195
			1212	1194
			1213	1194
			1214	1193
			1215	1193
			1216	1192
			1216	1191
			1217	1191
			1218	1190
			1219	1190
			1220	1189
			1221	1188
			1222	1188
			1223	1187
			1224	1186
			1225	1185
			1226	1184
			1227	1184
			1228	1183
			1229	1183
			1229	1182
			1230	1182
			1231	1182
			1231	1181
			1232	1181
			1233	1180
			1234	1179
			1235	1178
			1236	1178
			1237	1177
			1238	1177
			1238	1176
			1239	1176
			1240	1175
			1241	1175
			1242	1174
			1243	1173
			1244	1173
			1245	1172
			1246	1171
			1247	1171
			1248	1170
			1249	1169
			1250	1169
			1251	1168
			1252	1168
			1253	1167
			1254	1166
			1255	1166
			1256	1165
			1257	1164
			1258	1164
			1259	1163
			1260	1162
			1261	1161
			1262	1161
			1263	1161
			1263	1160
			1264	1160
			1265	1159
			1266	1158
			1267	1158
			1268	1157
			1269	1157
			1270	1156
			1271	1155
			1272	1154
			1273	1154
			1274	1153
			1275	1152
			1276	1152
			1277	1151
			1278	1151
			1279	1150
			1280	1150
			1281	1149
			1282	1148
			1283	1148
			1284	1147
			1285	1147
			1285	1146
			1286	1146
			1287	1145
			1288	1145
			1289	1144
			1290	1144
			1291	1143
			1292	1142
			1293	1142
			1294	1141
			1295	1141
			1296	1140
			1297	1139
			1298	1139
			1299	1138
			1300	1137
			1301	1137
			1302	1136
			1303	1136
			1304	1135
			1305	1135
			1305	1134
			1306	1134
			1307	1133
			1308	1133
			1309	1132
			1310	1132
			1310	1131
			1311	1131
			1312	1130
			1313	1130
			1314	1130
			1314	1129
			1315	1129
			1316	1128
			1317	1128
			1318	1127
			1319	1127
			1319	1126
			1320	1126
			1321	1125
			1322	1125
			1323	1124
			1324	1124
			1324	1123
			1325	1123
			1326	1122
			1327	1122
			1328	1121
			1329	1121
			1329	1120
			1330	1120
			1331	1120
			1332	1119
			1333	1119
			1334	1118
			1335	1118
			1335	1117
			1336	1117
			1337	1116
			1338	1116
			1339	1115
			1340	1115
			1340	1114
			1341	1114
			1342	1113
			1343	1113
			1344	1112
			1345	1112
			1346	1111
			1347	1111
			1348	1110
			1349	1109
			1350	1109
			1351	1108
			1352	1108
			1353	1107
			1354	1107
			1355	1106
			1356	1106
			1357	1105
			1358	1105
			1359	1104
			1360	1104
			1361	1103
			1362	1102
			1363	1102
			1364	1102
			1365	1101
			1366	1101
			1367	1100
			1368	1099
			1369	1099
			1370	1098
			1371	1098
			1372	1097
			1373	1097
			1374	1096
			1375	1096
			1376	1095
			1377	1094
			1378	1094
			1379	1093
			1380	1093
			1381	1092
			1382	1092
			1383	1091
			1384	1091
			1385	1090
			1386	1090
			1387	1089
			1388	1089
			1389	1088
			1390	1088
			1391	1087
			1392	1087
			1393	1086
			1394	1086
			1395	1085
			1396	1085
			1397	1084
			1398	1084
			1399	1083
			1400	1083
			1401	1082
			1402	1082
			1402	1081
			1403	1081
			1404	1080
			1405	1080
			1406	1079
			1407	1079
			1408	1078
			1409	1078
			1410	1077
			1411	1077
			1412	1076
			1413	1076
			1414	1075
			1415	1075
			1416	1074
			1417	1074
			1418	1073
			1419	1073
			1420	1072
			1421	1072
			1422	1071
			1423	1071
			1424	1071
			1424	1070
			1425	1070
			1426	1070
			1427	1069
			1428	1069
			1429	1068
			1430	1067
			1431	1067
			1432	1067
			1433	1066
			1434	1066
			1435	1065
			1436	1065
			1437	1064
			1438	1064
			1439	1063
			1440	1063
			1441	1062
			1442	1062
			1443	1061
			1444	1061
			1445	1060
			1446	1060
			1447	1059
			1448	1059
			1449	1059
			1449	1058
			1450	1058
			1451	1058
			1452	1057
			1453	1057
			1453	1056
			1454	1056
			1455	1056
			1456	1055
			1457	1055
			1458	1054
			1459	1054
			1460	1053
			1461	1053
			1462	1052
			1463	1052
			1464	1051
			1465	1051
			1466	1051
			1467	1050
			1468	1050
			1469	1049
			1470	1048
			1471	1048
			1472	1048
			1472	1047
			1473	1047
			1474	1047
			1475	1046
			1476	1046
			1477	1045
			1478	1045
			1479	1044
			1480	1044
			1481	1044
			1481	1043
			1482	1043
			1483	1043
			1484	1042
			1485	1042
			1486	1041
			1487	1041
			1488	1040
			1489	1040
			1490	1039
			1491	1039
			1492	1038
			1493	1038
			1494	1037
			1495	1037
			1496	1036
			1497	1036
			1498	1036
			1499	1035
			1500	1035
			1501	1034
			1502	1034
			1503	1033
			1504	1033
			1505	1032
			1506	1032
			1507	1032
			1508	1031
			1509	1031
			1510	1030
			1511	1030
			1512	1030
			1513	1029
			1514	1029
			1515	1028
			1516	1028
			1517	1027
			1518	1027
			1519	1027
			1519	1026
			1520	1026
			1521	1025
			1522	1025
			1523	1025
			1524	1024
			1525	1024
			1526	1023
			1527	1023
			1528	1022
			1529	1022
			1530	1022
			1531	1021
			1532	1021
			1533	1020
			1534	1020
			1535	1019
			1536	1019
			1537	1019
			1537	1018
			1538	1018
			1539	1018
			1540	1017
			1541	1017
			1542	1016
			1543	1016
			1544	1015
			1545	1015
			1546	1014
			1547	1013
			1548	1013
			1549	1012
			1550	1011
			1551	1011
			1552	1010
			1553	1010
			1554	1009
			1555	1008
			1556	1008
			1557	1007
			1558	1007
			1559	1006
			1560	1005
			1561	1005
			1562	1005
			1562	1004
			1563	1004
			1564	1004
			1564	1003
			1565	1003
			1566	1002
			1567	1002
			1568	1001
			1569	1000
			1570	1000
			1571	1000
			1571	999
			1572	999
			1573	998
			1574	998
			1575	997
			1576	997
			1577	996
			1578	996
			1579	995
			1580	995
			1580	994
			1581	994
			1582	993
			1583	993
			1584	992
			1585	992
			1586	992
			1587	991
			1588	991
			1588	990
			1589	990
			1590	989
			1591	989
			1592	988
			1593	988
			1594	987
			1595	987
			1596	987
			1596	986
			1597	986
			1598	985
			1599	985
			1600	984
			1601	984
			1602	984
			1603	983
			1604	983
			1605	982
			1606	981
			1607	981
			1608	981
			1609	980
			1610	980
			1611	979
			1612	979
			1613	979
			1614	978
			1615	977
			1616	977
			1617	977
			1618	976
			1619	976
			1620	975
			1621	975
			1622	975
			1623	974
			1624	974
			1625	973
			1626	973
			1627	972
			1628	972
			1629	972
			1629	971
			1630	971
			1631	971
			1632	970
			1633	970
			1634	970
			1635	969
			1636	969
			1637	969
			1638	968
			1639	968
			1640	967
			1641	967
			1642	967
			1643	966
			1644	966
			1645	965
			1646	965
			1647	965
			1648	964
			1649	964
			1650	964
			1651	963
			1652	963
			1653	963
			1654	962
			1655	962
			1656	962
			1657	961
			1658	961
			1659	961
			1660	960
			1661	960
			1662	960
			1663	959
			1664	959
			1665	959
			1666	958
			1667	958
			1668	958
			1669	957
			1670	957
			1671	957
			1672	957
			1673	956
			1674	956
			1675	956
			1676	955
			1677	955
			1678	955
			1679	954
			1680	954
			1681	954
			1682	954
			1683	953
			1684	953
			1685	953
			1686	953
			1687	952
			1688	952
			1689	952
			1690	951
			1691	951
			1692	951
			1693	951
			1694	950
			1695	950
			1696	950
			1697	950
			1698	949
			1699	949
			1700	949
			1701	949
			1702	948
			1703	948
			1704	948
			1705	948
			1706	948
			1707	947
			1708	947
			1709	947
			1710	947
			1711	946
			1712	946
			1713	946
			1714	946
			1715	946
			1716	945
			1717	945
			1718	945
			1719	945
			1720	945
			1721	944
			1722	944
			1723	944
			1724	944
			1725	944
			1726	943
			1727	943
			1728	943
			1729	943
			1730	943
			1731	943
			1732	942
			1733	942
			1734	942
			1735	942
			1736	942
			1737	942
			1738	941
			1739	941
			1740	941
			1741	941
			1742	941
			1743	941
			1744	941
			1745	940
			1746	940
			1747	940
			1748	940
			1749	940
			1750	940
			1751	940
			1752	939
			1753	939
			1754	939
			1755	939
			1756	939
			1757	939
			1758	939
			1759	939
			1760	938
			1761	938
			1762	938
			1763	938
			1764	938
			1765	938
			1766	938
			1767	938
			1768	938
			1769	938
			1770	938
			1771	937
			1772	937
			1773	937
			1774	937
			1775	937
			1776	937
			1777	937
			1778	937
			1779	937
			1780	937
			1781	937
			1782	937
			1783	937
			1784	937
			1785	937
			1786	936
			1787	936
			1788	936
			1789	936
			1790	936
			1791	936
			1792	936
			1793	936
			1794	936
			1795	936
			1796	936
			1797	936
			1798	936
			1799	936
			1800	936
			1801	936
			1802	936
			1803	936
			1804	936
			1805	936
			1806	936
			1807	936
			1808	936
			1809	936
			1810	936
			1811	936
			1812	936
			1813	936
			1814	936
			1815	936
			1816	936
			1817	936
			1818	936
			1819	936
			1820	936
			1821	936
			1822	936
			1823	936
			1824	936
			1825	936
			1826	936
			1827	936
			1828	936
			1829	936
			1830	936
			1831	936
			1832	936
			1833	936
			1834	936
			1835	936
			1836	936
			1837	936
			1838	936
			1839	937
			1840	937
			1841	937
			1842	937
			1843	937
			1844	937
			1845	937
			1846	937
		</Head>
	</curves.pixel>
	<curves.scaled type=list>
		<Head type=matrix rownames=FALSE colnames=FALSE nrow=805 ncol=2 as.numeric=TRUE >
			45.7203389830508	-55.4661016949153
			45.7627118644068	-55.4237288135593
			45.8050847457627	-55.3813559322034
			45.8474576271186	-55.3389830508475
			45.8898305084746	-55.2966101694915
			45.8898305084746	-55.2542372881356
			45.9322033898305	-55.2118644067797
			45.9745762711864	-55.2118644067797
			46.0169491525424	-55.1694915254237
			46.0593220338983	-55.1271186440678
			46.0593220338983	-55.0847457627119
			46.1016949152542	-55.0423728813559
			46.1440677966102	-55
			46.1864406779661	-54.9576271186441
			46.228813559322	-54.9576271186441
			46.271186440678	-54.9152542372881
			46.271186440678	-54.8728813559322
			46.3135593220339	-54.8305084745763
			46.3559322033898	-54.7881355932203
			46.3983050847458	-54.7457627118644
			46.4406779661017	-54.7033898305085
			46.4830508474576	-54.7033898305085
			46.5254237288136	-54.6610169491525
			46.5254237288136	-54.6186440677966
			46.5677966101695	-54.5762711864407
			46.6101694915254	-54.5338983050847
			46.6525423728814	-54.4915254237288
			46.6949152542373	-54.4491525423729
			46.7372881355932	-54.4491525423729
			46.7796610169491	-54.4067796610169
			46.7796610169491	-54.364406779661
			46.8220338983051	-54.3220338983051
			46.864406779661	-54.2796610169491
			46.9067796610169	-54.2372881355932
			46.9491525423729	-54.2372881355932
			46.9915254237288	-54.1949152542373
			47.0338983050847	-54.1525423728814
			47.0762711864407	-54.1101694915254
			47.1186440677966	-54.0677966101695
			47.1186440677966	-54.0254237288136
			47.1610169491525	-53.9830508474576
			47.2033898305085	-53.9830508474576
			47.2457627118644	-53.9406779661017
			47.2881355932203	-53.8983050847458
			47.3305084745763	-53.8559322033898
			47.3728813559322	-53.8135593220339
			47.4152542372881	-53.771186440678
			47.4576271186441	-53.728813559322
			47.5	-53.728813559322
			47.5423728813559	-53.6864406779661
			47.5423728813559	-53.6440677966102
			47.5847457627119	-53.6016949152542
			47.6271186440678	-53.5593220338983
			47.6694915254237	-53.5169491525424
			47.7118644067797	-53.5169491525424
			47.7542372881356	-53.4745762711864
			47.7966101694915	-53.4322033898305
			47.8389830508475	-53.3898305084746
			47.8813559322034	-53.3474576271186
			47.9237288135593	-53.3050847457627
			47.9661016949153	-53.3050847457627
			48.0084745762712	-53.2627118644068
			48.0508474576271	-53.2203389830508
			48.0932203389831	-53.1779661016949
			48.135593220339	-53.135593220339
			48.1779661016949	-53.0932203389831
			48.2203389830508	-53.0508474576271
			48.2627118644068	-53.0508474576271
			48.3050847457627	-53.0084745762712
			48.3474576271186	-52.9661016949153
			48.3898305084746	-52.9237288135593
			48.4322033898305	-52.8813559322034
			48.4745762711864	-52.8389830508475
			48.5169491525424	-52.8389830508475
			48.5593220338983	-52.7966101694915
			48.6016949152542	-52.7542372881356
			48.6440677966102	-52.7118644067797
			48.6864406779661	-52.6694915254237
			48.728813559322	-52.6271186440678
			48.771186440678	-52.6271186440678
			48.8135593220339	-52.5847457627119
			48.8559322033898	-52.5423728813559
			48.8983050847458	-52.5
			48.9406779661017	-52.4576271186441
			48.9830508474576	-52.4152542372881
			49.0254237288136	-52.4152542372881
			49.0677966101695	-52.3728813559322
			49.1101694915254	-52.3305084745763
			49.1525423728814	-52.2881355932203
			49.1949152542373	-52.2457627118644
			49.2372881355932	-52.2033898305085
			49.2796610169491	-52.2033898305085
			49.3220338983051	-52.1610169491525
			49.364406779661	-52.1186440677966
			49.4067796610169	-52.0762711864407
			49.4491525423729	-52.0338983050847
			49.4915254237288	-51.9915254237288
			49.5338983050847	-51.9915254237288
			49.5762711864407	-51.9491525423729
			49.6186440677966	-51.9067796610169
			49.6610169491525	-51.864406779661
			49.7033898305085	-51.8220338983051
			49.7457627118644	-51.7796610169491
			49.7881355932203	-51.7796610169491
			49.8305084745763	-51.7372881355932
			49.8728813559322	-51.7372881355932
			49.8728813559322	-51.6949152542373
			49.9152542372881	-51.6949152542373
			49.9576271186441	-51.6525423728814
			50	-51.6101694915254
			50.0423728813559	-51.5677966101695
			50.0847457627119	-51.5677966101695
			50.1271186440678	-51.5254237288136
			50.1694915254237	-51.4830508474576
			50.2118644067797	-51.4406779661017
			50.2542372881356	-51.3983050847458
			50.2966101694915	-51.3983050847458
			50.3389830508475	-51.3559322033898
			50.3813559322034	-51.3135593220339
			50.4237288135593	-51.3135593220339
			50.4661016949153	-51.271186440678
			50.5084745762712	-51.228813559322
			50.5508474576271	-51.1864406779661
			50.5932203389831	-51.1864406779661
			50.635593220339	-51.1440677966102
			50.6779661016949	-51.1016949152542
			50.7203389830508	-51.1016949152542
			50.7627118644068	-51.0593220338983
			50.8050847457627	-51.0169491525424
			50.8474576271186	-50.9745762711864
			50.8898305084746	-50.9745762711864
			50.9322033898305	-50.9322033898305
			50.9745762711864	-50.8898305084746
			51.0169491525424	-50.8474576271186
			51.0593220338983	-50.8050847457627
			51.1016949152542	-50.8050847457627
			51.1440677966102	-50.7627118644068
			51.1864406779661	-50.7203389830508
			51.228813559322	-50.6779661016949
			51.271186440678	-50.6779661016949
			51.3135593220339	-50.635593220339
			51.3559322033898	-50.5932203389831
			51.3983050847458	-50.5932203389831
			51.4406779661017	-50.5508474576271
			51.4830508474576	-50.5508474576271
			51.5254237288136	-50.5084745762712
			51.5254237288136	-50.4661016949153
			51.5677966101695	-50.4661016949153
			51.6101694915254	-50.4237288135593
			51.6525423728814	-50.4237288135593
			51.6949152542373	-50.3813559322034
			51.7372881355932	-50.3389830508475
			51.7796610169491	-50.3389830508475
			51.8220338983051	-50.2966101694915
			51.864406779661	-50.2542372881356
			51.9067796610169	-50.2118644067797
			51.9491525423729	-50.1694915254237
			51.9915254237288	-50.1694915254237
			52.0338983050847	-50.1271186440678
			52.0762711864407	-50.1271186440678
			52.0762711864407	-50.0847457627119
			52.1186440677966	-50.0847457627119
			52.1610169491525	-50.0847457627119
			52.1610169491525	-50.0423728813559
			52.2033898305085	-50.0423728813559
			52.2457627118644	-50
			52.2881355932203	-49.9576271186441
			52.3305084745763	-49.9152542372881
			52.3728813559322	-49.9152542372881
			52.4152542372881	-49.8728813559322
			52.4576271186441	-49.8728813559322
			52.4576271186441	-49.8305084745763
			52.5	-49.8305084745763
			52.5423728813559	-49.7881355932203
			52.5847457627119	-49.7881355932203
			52.6271186440678	-49.7457627118644
			52.6694915254237	-49.7033898305085
			52.7118644067797	-49.7033898305085
			52.7542372881356	-49.6610169491525
			52.7966101694915	-49.6186440677966
			52.8389830508475	-49.6186440677966
			52.8813559322034	-49.5762711864407
			52.9237288135593	-49.5338983050847
			52.9661016949153	-49.5338983050847
			53.0084745762712	-49.4915254237288
			53.0508474576271	-49.4915254237288
			53.0932203389831	-49.4491525423729
			53.135593220339	-49.4067796610169
			53.1779661016949	-49.4067796610169
			53.2203389830508	-49.364406779661
			53.2627118644068	-49.3220338983051
			53.3050847457627	-49.3220338983051
			53.3474576271186	-49.2796610169491
			53.3898305084746	-49.2372881355932
			53.4322033898305	-49.1949152542373
			53.4745762711864	-49.1949152542373
			53.5169491525424	-49.1949152542373
			53.5169491525424	-49.1525423728814
			53.5593220338983	-49.1525423728814
			53.6016949152542	-49.1101694915254
			53.6440677966102	-49.0677966101695
			53.6864406779661	-49.0677966101695
			53.728813559322	-49.0254237288136
			53.771186440678	-49.0254237288136
			53.8135593220339	-48.9830508474576
			53.8559322033898	-48.9406779661017
			53.8983050847458	-48.8983050847458
			53.9406779661017	-48.8983050847458
			53.9830508474576	-48.8559322033898
			54.0254237288136	-48.8135593220339
			54.0677966101695	-48.8135593220339
			54.1101694915254	-48.771186440678
			54.1525423728814	-48.771186440678
			54.1949152542373	-48.728813559322
			54.2372881355932	-48.728813559322
			54.2796610169491	-48.6864406779661
			54.3220338983051	-48.6440677966102
			54.364406779661	-48.6440677966102
			54.4067796610169	-48.6016949152542
			54.4491525423729	-48.6016949152542
			54.4491525423729	-48.5593220338983
			54.4915254237288	-48.5593220338983
			54.5338983050847	-48.5169491525424
			54.5762711864407	-48.5169491525424
			54.6186440677966	-48.4745762711864
			54.6610169491525	-48.4745762711864
			54.7033898305085	-48.4322033898305
			54.7457627118644	-48.3898305084746
			54.7881355932203	-48.3898305084746
			54.8305084745763	-48.3474576271186
			54.8728813559322	-48.3474576271186
			54.9152542372881	-48.3050847457627
			54.9576271186441	-48.2627118644068
			55	-48.2627118644068
			55.0423728813559	-48.2203389830508
			55.0847457627119	-48.1779661016949
			55.1271186440678	-48.1779661016949
			55.1694915254237	-48.135593220339
			55.2118644067797	-48.135593220339
			55.2542372881356	-48.0932203389831
			55.2966101694915	-48.0932203389831
			55.2966101694915	-48.0508474576271
			55.3389830508475	-48.0508474576271
			55.3813559322034	-48.0084745762712
			55.4237288135593	-48.0084745762712
			55.4661016949153	-47.9661016949153
			55.5084745762712	-47.9661016949153
			55.5084745762712	-47.9237288135593
			55.5508474576271	-47.9237288135593
			55.593220338983	-47.8813559322034
			55.635593220339	-47.8813559322034
			55.6779661016949	-47.8813559322034
			55.6779661016949	-47.8389830508475
			55.7203389830508	-47.8389830508475
			55.7627118644068	-47.7966101694915
			55.8050847457627	-47.7966101694915
			55.8474576271186	-47.7542372881356
			55.8898305084746	-47.7542372881356
			55.8898305084746	-47.7118644067797
			55.9322033898305	-47.7118644067797
			55.9745762711864	-47.6694915254237
			56.0169491525424	-47.6694915254237
			56.0593220338983	-47.6271186440678
			56.1016949152542	-47.6271186440678
			56.1016949152542	-47.5847457627119
			56.1440677966102	-47.5847457627119
			56.1864406779661	-47.5423728813559
			56.228813559322	-47.5423728813559
			56.271186440678	-47.5
			56.3135593220339	-47.5
			56.3135593220339	-47.4576271186441
			56.3559322033898	-47.4576271186441
			56.3983050847458	-47.4576271186441
			56.4406779661017	-47.4152542372881
			56.4830508474576	-47.4152542372881
			56.5254237288136	-47.3728813559322
			56.5677966101695	-47.3728813559322
			56.5677966101695	-47.3305084745763
			56.6101694915254	-47.3305084745763
			56.6525423728814	-47.2881355932203
			56.6949152542373	-47.2881355932203
			56.7372881355932	-47.2457627118644
			56.7796610169491	-47.2457627118644
			56.7796610169491	-47.2033898305085
			56.8220338983051	-47.2033898305085
			56.864406779661	-47.1610169491525
			56.9067796610169	-47.1610169491525
			56.9491525423729	-47.1186440677966
			56.9915254237288	-47.1186440677966
			57.0338983050847	-47.0762711864407
			57.0762711864407	-47.0762711864407
			57.1186440677966	-47.0338983050847
			57.1610169491525	-46.9915254237288
			57.2033898305085	-46.9915254237288
			57.2457627118644	-46.9491525423729
			57.2881355932203	-46.9491525423729
			57.3305084745763	-46.9067796610169
			57.3728813559322	-46.9067796610169
			57.4152542372881	-46.864406779661
			57.4576271186441	-46.864406779661
			57.5	-46.8220338983051
			57.5423728813559	-46.8220338983051
			57.5847457627119	-46.7796610169491
			57.6271186440678	-46.7796610169491
			57.6694915254237	-46.7372881355932
			57.7118644067797	-46.6949152542373
			57.7542372881356	-46.6949152542373
			57.7966101694915	-46.6949152542373
			57.8389830508475	-46.6525423728814
			57.8813559322034	-46.6525423728814
			57.9237288135593	-46.6101694915254
			57.9661016949153	-46.5677966101695
			58.0084745762712	-46.5677966101695
			58.0508474576271	-46.5254237288136
			58.093220338983	-46.5254237288136
			58.135593220339	-46.4830508474576
			58.1779661016949	-46.4830508474576
			58.2203389830508	-46.4406779661017
			58.2627118644068	-46.4406779661017
			58.3050847457627	-46.3983050847458
			58.3474576271186	-46.3559322033898
			58.3898305084746	-46.3559322033898
			58.4322033898305	-46.3135593220339
			58.4745762711864	-46.3135593220339
			58.5169491525424	-46.271186440678
			58.5593220338983	-46.271186440678
			58.6016949152542	-46.228813559322
			58.6440677966102	-46.228813559322
			58.6864406779661	-46.1864406779661
			58.728813559322	-46.1864406779661
			58.771186440678	-46.1440677966102
			58.8135593220339	-46.1440677966102
			58.8559322033898	-46.1016949152542
			58.8983050847458	-46.1016949152542
			58.9406779661017	-46.0593220338983
			58.9830508474576	-46.0593220338983
			59.0254237288136	-46.0169491525424
			59.0677966101695	-46.0169491525424
			59.1101694915254	-45.9745762711864
			59.1525423728814	-45.9745762711864
			59.1949152542373	-45.9322033898305
			59.2372881355932	-45.9322033898305
			59.2796610169491	-45.8898305084746
			59.3220338983051	-45.8898305084746
			59.364406779661	-45.8474576271186
			59.4067796610169	-45.8474576271186
			59.4067796610169	-45.8050847457627
			59.4491525423729	-45.8050847457627
			59.4915254237288	-45.7627118644068
			59.5338983050847	-45.7627118644068
			59.5762711864407	-45.7203389830508
			59.6186440677966	-45.7203389830508
			59.6610169491525	-45.6779661016949
			59.7033898305085	-45.6779661016949
			59.7457627118644	-45.635593220339
			59.7881355932203	-45.635593220339
			59.8305084745763	-45.5932203389831
			59.8728813559322	-45.5932203389831
			59.9152542372881	-45.5508474576271
			59.9576271186441	-45.5508474576271
			60	-45.5084745762712
			60.0423728813559	-45.5084745762712
			60.0847457627119	-45.4661016949153
			60.1271186440678	-45.4661016949153
			60.1694915254237	-45.4237288135593
			60.2118644067797	-45.4237288135593
			60.2542372881356	-45.3813559322034
			60.2966101694915	-45.3813559322034
			60.3389830508475	-45.3813559322034
			60.3389830508475	-45.3389830508475
			60.3813559322034	-45.3389830508475
			60.4237288135593	-45.3389830508475
			60.4661016949153	-45.2966101694915
			60.5084745762712	-45.2966101694915
			60.5508474576271	-45.2542372881356
			60.593220338983	-45.2118644067797
			60.635593220339	-45.2118644067797
			60.6779661016949	-45.2118644067797
			60.7203389830508	-45.1694915254237
			60.7627118644068	-45.1694915254237
			60.8050847457627	-45.1271186440678
			60.8474576271186	-45.1271186440678
			60.8898305084746	-45.0847457627119
			60.9322033898305	-45.0847457627119
			60.9745762711864	-45.0423728813559
			61.0169491525424	-45.0423728813559
			61.0593220338983	-45
			61.1016949152542	-45
			61.1440677966102	-44.9576271186441
			61.1864406779661	-44.9576271186441
			61.228813559322	-44.9152542372881
			61.271186440678	-44.9152542372881
			61.3135593220339	-44.8728813559322
			61.3559322033898	-44.8728813559322
			61.3983050847458	-44.8728813559322
			61.3983050847458	-44.8305084745763
			61.4406779661017	-44.8305084745763
			61.4830508474576	-44.8305084745763
			61.5254237288136	-44.7881355932203
			61.5677966101695	-44.7881355932203
			61.5677966101695	-44.7457627118644
			61.6101694915254	-44.7457627118644
			61.6525423728814	-44.7457627118644
			61.6949152542373	-44.7033898305085
			61.7372881355932	-44.7033898305085
			61.7796610169491	-44.6610169491525
			61.8220338983051	-44.6610169491525
			61.864406779661	-44.6186440677966
			61.9067796610169	-44.6186440677966
			61.9491525423729	-44.5762711864407
			61.9915254237288	-44.5762711864407
			62.0338983050847	-44.5338983050847
			62.0762711864407	-44.5338983050847
			62.1186440677966	-44.5338983050847
			62.1610169491525	-44.4915254237288
			62.2033898305085	-44.4915254237288
			62.2457627118644	-44.4491525423729
			62.2881355932203	-44.4067796610169
			62.3305084745763	-44.4067796610169
			62.3728813559322	-44.4067796610169
			62.3728813559322	-44.364406779661
			62.4152542372881	-44.364406779661
			62.4576271186441	-44.364406779661
			62.5	-44.3220338983051
			62.5423728813559	-44.3220338983051
			62.5847457627119	-44.2796610169491
			62.6271186440678	-44.2796610169491
			62.6694915254237	-44.2372881355932
			62.7118644067797	-44.2372881355932
			62.7542372881356	-44.2372881355932
			62.7542372881356	-44.1949152542373
			62.7966101694915	-44.1949152542373
			62.8389830508475	-44.1949152542373
			62.8813559322034	-44.1525423728814
			62.9237288135593	-44.1525423728814
			62.9661016949153	-44.1101694915254
			63.0084745762712	-44.1101694915254
			63.0508474576271	-44.0677966101695
			63.093220338983	-44.0677966101695
			63.135593220339	-44.0254237288136
			63.1779661016949	-44.0254237288136
			63.2203389830508	-43.9830508474576
			63.2627118644068	-43.9830508474576
			63.3050847457627	-43.9406779661017
			63.3474576271186	-43.9406779661017
			63.3898305084746	-43.8983050847458
			63.4322033898305	-43.8983050847458
			63.4745762711864	-43.8983050847458
			63.5169491525424	-43.8559322033898
			63.5593220338983	-43.8559322033898
			63.6016949152542	-43.8135593220339
			63.6440677966102	-43.8135593220339
			63.6864406779661	-43.771186440678
			63.728813559322	-43.771186440678
			63.771186440678	-43.728813559322
			63.8135593220339	-43.728813559322
			63.8559322033898	-43.728813559322
			63.8983050847458	-43.6864406779661
			63.9406779661017	-43.6864406779661
			63.9830508474576	-43.6440677966102
			64.0254237288135	-43.6440677966102
			64.0677966101695	-43.6440677966102
			64.1101694915254	-43.6016949152542
			64.1525423728814	-43.6016949152542
			64.1949152542373	-43.5593220338983
			64.2372881355932	-43.5593220338983
			64.2796610169491	-43.5169491525424
			64.3220338983051	-43.5169491525424
			64.364406779661	-43.5169491525424
			64.364406779661	-43.4745762711864
			64.4067796610169	-43.4745762711864
			64.4491525423729	-43.4322033898305
			64.4915254237288	-43.4322033898305
			64.5338983050847	-43.4322033898305
			64.5762711864407	-43.3898305084746
			64.6186440677966	-43.3898305084746
			64.6610169491525	-43.3474576271186
			64.7033898305085	-43.3474576271186
			64.7457627118644	-43.3050847457627
			64.7881355932203	-43.3050847457627
			64.8305084745763	-43.3050847457627
			64.8728813559322	-43.2627118644068
			64.9152542372881	-43.2627118644068
			64.9576271186441	-43.2203389830508
			65	-43.2203389830508
			65.0423728813559	-43.1779661016949
			65.0847457627119	-43.1779661016949
			65.1271186440678	-43.1779661016949
			65.1271186440678	-43.135593220339
			65.1694915254237	-43.135593220339
			65.2118644067797	-43.135593220339
			65.2542372881356	-43.0932203389831
			65.2966101694915	-43.0932203389831
			65.3389830508475	-43.0508474576271
			65.3813559322034	-43.0508474576271
			65.4237288135593	-43.0084745762712
			65.4661016949153	-43.0084745762712
			65.5084745762712	-42.9661016949153
			65.5508474576271	-42.9237288135593
			65.593220338983	-42.9237288135593
			65.635593220339	-42.8813559322034
			65.6779661016949	-42.8389830508475
			65.7203389830509	-42.8389830508475
			65.7627118644068	-42.7966101694915
			65.8050847457627	-42.7966101694915
			65.8474576271186	-42.7542372881356
			65.8898305084746	-42.7118644067797
			65.9322033898305	-42.7118644067797
			65.9745762711864	-42.6694915254237
			66.0169491525424	-42.6694915254237
			66.0593220338983	-42.6271186440678
			66.1016949152542	-42.5847457627119
			66.1440677966102	-42.5847457627119
			66.1864406779661	-42.5847457627119
			66.1864406779661	-42.5423728813559
			66.228813559322	-42.5423728813559
			66.271186440678	-42.5423728813559
			66.271186440678	-42.5
			66.3135593220339	-42.5
			66.3559322033898	-42.4576271186441
			66.3983050847458	-42.4576271186441
			66.4406779661017	-42.4152542372881
			66.4830508474576	-42.3728813559322
			66.5254237288135	-42.3728813559322
			66.5677966101695	-42.3728813559322
			66.5677966101695	-42.3305084745763
			66.6101694915254	-42.3305084745763
			66.6525423728814	-42.2881355932203
			66.6949152542373	-42.2881355932203
			66.7372881355932	-42.2457627118644
			66.7796610169491	-42.2457627118644
			66.8220338983051	-42.2033898305085
			66.864406779661	-42.2033898305085
			66.9067796610169	-42.1610169491525
			66.9491525423729	-42.1610169491525
			66.9491525423729	-42.1186440677966
			66.9915254237288	-42.1186440677966
			67.0338983050847	-42.0762711864407
			67.0762711864407	-42.0762711864407
			67.1186440677966	-42.0338983050847
			67.1610169491525	-42.0338983050847
			67.2033898305085	-42.0338983050847
			67.2457627118644	-41.9915254237288
			67.2881355932203	-41.9915254237288
			67.2881355932203	-41.9491525423729
			67.3305084745763	-41.9491525423729
			67.3728813559322	-41.9067796610169
			67.4152542372881	-41.9067796610169
			67.4576271186441	-41.864406779661
			67.5	-41.864406779661
			67.5423728813559	-41.8220338983051
			67.5847457627119	-41.8220338983051
			67.6271186440678	-41.8220338983051
			67.6271186440678	-41.7796610169491
			67.6694915254237	-41.7796610169491
			67.7118644067797	-41.7372881355932
			67.7542372881356	-41.7372881355932
			67.7966101694915	-41.6949152542373
			67.8389830508475	-41.6949152542373
			67.8813559322034	-41.6949152542373
			67.9237288135593	-41.6525423728814
			67.9661016949153	-41.6525423728814
			68.0084745762712	-41.6101694915254
			68.0508474576271	-41.5677966101695
			68.093220338983	-41.5677966101695
			68.135593220339	-41.5677966101695
			68.1779661016949	-41.5254237288136
			68.2203389830509	-41.5254237288136
			68.2627118644068	-41.4830508474576
			68.3050847457627	-41.4830508474576
			68.3474576271186	-41.4830508474576
			68.3898305084746	-41.4406779661017
			68.4322033898305	-41.3983050847458
			68.4745762711864	-41.3983050847458
			68.5169491525424	-41.3983050847458
			68.5593220338983	-41.3559322033898
			68.6016949152542	-41.3559322033898
			68.6440677966102	-41.3135593220339
			68.6864406779661	-41.3135593220339
			68.728813559322	-41.3135593220339
			68.771186440678	-41.271186440678
			68.8135593220339	-41.271186440678
			68.8559322033898	-41.228813559322
			68.8983050847458	-41.228813559322
			68.9406779661017	-41.1864406779661
			68.9830508474576	-41.1864406779661
			69.0254237288135	-41.1864406779661
			69.0254237288135	-41.1440677966102
			69.0677966101695	-41.1440677966102
			69.1101694915254	-41.1440677966102
			69.1525423728814	-41.1016949152542
			69.1949152542373	-41.1016949152542
			69.2372881355932	-41.1016949152542
			69.2796610169491	-41.0593220338983
			69.3220338983051	-41.0593220338983
			69.364406779661	-41.0593220338983
			69.4067796610169	-41.0169491525424
			69.4491525423729	-41.0169491525424
			69.4915254237288	-40.9745762711864
			69.5338983050847	-40.9745762711864
			69.5762711864407	-40.9745762711864
			69.6186440677966	-40.9322033898305
			69.6610169491525	-40.9322033898305
			69.7033898305085	-40.8898305084746
			69.7457627118644	-40.8898305084746
			69.7881355932203	-40.8898305084746
			69.8305084745763	-40.8474576271186
			69.8728813559322	-40.8474576271186
			69.9152542372881	-40.8474576271186
			69.9576271186441	-40.8050847457627
			70	-40.8050847457627
			70.0423728813559	-40.8050847457627
			70.0847457627119	-40.7627118644068
			70.1271186440678	-40.7627118644068
			70.1694915254237	-40.7627118644068
			70.2118644067797	-40.7203389830508
			70.2542372881356	-40.7203389830508
			70.2966101694915	-40.7203389830508
			70.3389830508475	-40.6779661016949
			70.3813559322034	-40.6779661016949
			70.4237288135593	-40.6779661016949
			70.4661016949153	-40.635593220339
			70.5084745762712	-40.635593220339
			70.5508474576271	-40.635593220339
			70.593220338983	-40.5932203389831
			70.635593220339	-40.5932203389831
			70.6779661016949	-40.5932203389831
			70.7203389830509	-40.5508474576271
			70.7627118644068	-40.5508474576271
			70.8050847457627	-40.5508474576271
			70.8474576271186	-40.5508474576271
			70.8898305084746	-40.5084745762712
			70.9322033898305	-40.5084745762712
			70.9745762711864	-40.5084745762712
			71.0169491525424	-40.4661016949153
			71.0593220338983	-40.4661016949153
			71.1016949152542	-40.4661016949153
			71.1440677966102	-40.4237288135593
			71.1864406779661	-40.4237288135593
			71.228813559322	-40.4237288135593
			71.271186440678	-40.4237288135593
			71.3135593220339	-40.3813559322034
			71.3559322033898	-40.3813559322034
			71.3983050847458	-40.3813559322034
			71.4406779661017	-40.3813559322034
			71.4830508474576	-40.3389830508475
			71.5254237288135	-40.3389830508475
			71.5677966101695	-40.3389830508475
			71.6101694915254	-40.2966101694915
			71.6525423728814	-40.2966101694915
			71.6949152542373	-40.2966101694915
			71.7372881355932	-40.2966101694915
			71.7796610169491	-40.2542372881356
			71.8220338983051	-40.2542372881356
			71.864406779661	-40.2542372881356
			71.9067796610169	-40.2542372881356
			71.9491525423729	-40.2118644067797
			71.9915254237288	-40.2118644067797
			72.0338983050847	-40.2118644067797
			72.0762711864407	-40.2118644067797
			72.1186440677966	-40.1694915254237
			72.1610169491525	-40.1694915254237
			72.2033898305085	-40.1694915254237
			72.2457627118644	-40.1694915254237
			72.2881355932203	-40.1694915254237
			72.3305084745763	-40.1271186440678
			72.3728813559322	-40.1271186440678
			72.4152542372881	-40.1271186440678
			72.4576271186441	-40.1271186440678
			72.5	-40.0847457627119
			72.5423728813559	-40.0847457627119
			72.5847457627119	-40.0847457627119
			72.6271186440678	-40.0847457627119
			72.6694915254237	-40.0847457627119
			72.7118644067797	-40.0423728813559
			72.7542372881356	-40.0423728813559
			72.7966101694915	-40.0423728813559
			72.8389830508475	-40.0423728813559
			72.8813559322034	-40.0423728813559
			72.9237288135593	-40
			72.9661016949153	-40
			73.0084745762712	-40
			73.0508474576271	-40
			73.093220338983	-40
			73.135593220339	-39.9576271186441
			73.1779661016949	-39.9576271186441
			73.2203389830509	-39.9576271186441
			73.2627118644068	-39.9576271186441
			73.3050847457627	-39.9576271186441
			73.3474576271186	-39.9576271186441
			73.3898305084746	-39.9152542372881
			73.4322033898305	-39.9152542372881
			73.4745762711864	-39.9152542372881
			73.5169491525424	-39.9152542372881
			73.5593220338983	-39.9152542372881
			73.6016949152542	-39.9152542372881
			73.6440677966102	-39.8728813559322
			73.6864406779661	-39.8728813559322
			73.728813559322	-39.8728813559322
			73.771186440678	-39.8728813559322
			73.8135593220339	-39.8728813559322
			73.8559322033898	-39.8728813559322
			73.8983050847458	-39.8728813559322
			73.9406779661017	-39.8305084745763
			73.9830508474576	-39.8305084745763
			74.0254237288135	-39.8305084745763
			74.0677966101695	-39.8305084745763
			74.1101694915254	-39.8305084745763
			74.1525423728814	-39.8305084745763
			74.1949152542373	-39.8305084745763
			74.2372881355932	-39.7881355932203
			74.2796610169491	-39.7881355932203
			74.3220338983051	-39.7881355932203
			74.364406779661	-39.7881355932203
			74.4067796610169	-39.7881355932203
			74.4491525423729	-39.7881355932203
			74.4915254237288	-39.7881355932203
			74.5338983050847	-39.7881355932203
			74.5762711864407	-39.7457627118644
			74.6186440677966	-39.7457627118644
			74.6610169491525	-39.7457627118644
			74.7033898305085	-39.7457627118644
			74.7457627118644	-39.7457627118644
			74.7881355932203	-39.7457627118644
			74.8305084745763	-39.7457627118644
			74.8728813559322	-39.7457627118644
			74.9152542372881	-39.7457627118644
			74.9576271186441	-39.7457627118644
			75	-39.7457627118644
			75.0423728813559	-39.7033898305085
			75.0847457627119	-39.7033898305085
			75.1271186440678	-39.7033898305085
			75.1694915254237	-39.7033898305085
			75.2118644067797	-39.7033898305085
			75.2542372881356	-39.7033898305085
			75.2966101694915	-39.7033898305085
			75.3389830508475	-39.7033898305085
			75.3813559322034	-39.7033898305085
			75.4237288135593	-39.7033898305085
			75.4661016949153	-39.7033898305085
			75.5084745762712	-39.7033898305085
			75.5508474576271	-39.7033898305085
			75.593220338983	-39.7033898305085
			75.635593220339	-39.7033898305085
			75.6779661016949	-39.6610169491525
			75.7203389830508	-39.6610169491525
			75.7627118644068	-39.6610169491525
			75.8050847457627	-39.6610169491525
			75.8474576271186	-39.6610169491525
			75.8898305084746	-39.6610169491525
			75.9322033898305	-39.6610169491525
			75.9745762711864	-39.6610169491525
			76.0169491525424	-39.6610169491525
			76.0593220338983	-39.6610169491525
			76.1016949152542	-39.6610169491525
			76.1440677966102	-39.6610169491525
			76.1864406779661	-39.6610169491525
			76.228813559322	-39.6610169491525
			76.271186440678	-39.6610169491525
			76.3135593220339	-39.6610169491525
			76.3559322033898	-39.6610169491525
			76.3983050847458	-39.6610169491525
			76.4406779661017	-39.6610169491525
			76.4830508474576	-39.6610169491525
			76.5254237288135	-39.6610169491525
			76.5677966101695	-39.6610169491525
			76.6101694915254	-39.6610169491525
			76.6525423728814	-39.6610169491525
			76.6949152542373	-39.6610169491525
			76.7372881355932	-39.6610169491525
			76.7796610169491	-39.6610169491525
			76.8220338983051	-39.6610169491525
			76.864406779661	-39.6610169491525
			76.9067796610169	-39.6610169491525
			76.9491525423729	-39.6610169491525
			76.9915254237288	-39.6610169491525
			77.0338983050847	-39.6610169491525
			77.0762711864407	-39.6610169491525
			77.1186440677966	-39.6610169491525
			77.1610169491525	-39.6610169491525
			77.2033898305085	-39.6610169491525
			77.2457627118644	-39.6610169491525
			77.2881355932203	-39.6610169491525
			77.3305084745763	-39.6610169491525
			77.3728813559322	-39.6610169491525
			77.4152542372881	-39.6610169491525
			77.4576271186441	-39.6610169491525
			77.5	-39.6610169491525
			77.5423728813559	-39.6610169491525
			77.5847457627119	-39.6610169491525
			77.6271186440678	-39.6610169491525
			77.6694915254237	-39.6610169491525
			77.7118644067797	-39.6610169491525
			77.7542372881356	-39.6610169491525
			77.7966101694915	-39.6610169491525
			77.8389830508475	-39.6610169491525
			77.8813559322034	-39.6610169491525
			77.9237288135593	-39.7033898305085
			77.9661016949153	-39.7033898305085
			78.0084745762712	-39.7033898305085
			78.0508474576271	-39.7033898305085
			78.093220338983	-39.7033898305085
			78.135593220339	-39.7033898305085
			78.1779661016949	-39.7033898305085
			78.2203389830508	-39.7033898305085
		</Head>
	</curves.scaled>
	<ruler.points type=matrix rownames=TRUE colnames=FALSE nrow=2 ncol=2 as.numeric=TRUE >
		Ruler point 1	3326	673
		Ruler point 2	3326	909
	</ruler.points>
</shapes>

